[1.10318846 0.42879798]
[1.29803701 0.92620692]
[1.27378493 1.18403715]
[1.1716901  1.53479164]
[1.12595485 1.76954778]
[0.96742675 1.93720274]
[0.84951456 1.76907126]
[0.7932484  1.67713273]
[0.72185368 1.48898621]
[0.67654295 1.3344854 ]
[0.80974205 1.11545781]
[0.92726297 0.79408337]
[1.08389661 0.53120258]
[1.22000288 0.28888391]
[1.25800333 0.01659358]
[1.39622397 0.15386919]
[1.44705372 0.25479463]
[1.54361904 0.25806569]
[1.52550134 0.21626424]
[1.55027985 0.25172385]
[1.62660287 0.26787356]
[1.91308245 0.29142025]
[2.18411514 0.29004121]
[2.54234091 0.26155012]
[3.0402933  0.24254954]
[3.48998743 0.28400715]
[4.03004433 0.31708065]
[4.34356746 0.49759702]
[4.40808337 1.0114209 ]
[4.46686153 1.4795692 ]
[4.52041002 1.90608471]
[4.61641741 2.34187008]
[4.85603708 2.89097764]
[5.2453416  3.56218001]
[5.6419499  4.42093875]
[6.0985919  5.15084252]
[6.59830246 5.77601162]
[7.28288393 6.35293573]
[7.90608865 6.87808049]
[8.4733699  7.35599658]
[8.98970811 7.79083279]
[9.45964893 8.18637527]
[9.88733945 8.54608109]
[9.97089697 8.90777798]
[10.52886499  9.07310348]
[11.1793434   9.36850874]
[11.65790457  9.55823476]
[12.10979789  9.73263201]
[12.56319357 10.03114423]
[13.03402152 10.24506688]
[13.44270364 10.42423921]
[13.64640511 10.60927305]
[13.61763661 10.84459673]
[13.76859757 10.84587098]
[13.97149906 10.84041307]
[14.19712786 10.83029236]
[14.41296056 10.80875224]
[14.57622502 10.8050432 ]
[14.68451255 10.80427931]
[14.75723217 10.80031076]
[14.89034138 10.7079026 ]
[15.00590174 10.62320354]
[15.21459148 10.58390907]
[15.40391979 10.54826014]
[15.57566416 10.51592208]
[15.73144143 10.48659038]
[15.87272055 10.45998815]
[16.00858078 10.42758024]
[16.1531858  10.37548067]
[16.36471637 10.24129466]
[16.5570287  10.11470307]
[17.07837573  9.5007798 ]
[17.39565983  9.19961472]
[17.6709187   8.94965965]
[17.86410319  8.77925398]
[18.03961432  8.65669505]
[18.05916696  8.63467707]
[18.08996582  8.6037893 ]
[18.11803089  8.57470317]
[18.1585698   8.52942027]
[18.30260843  8.38556384]
[18.44814653  8.21001952]
[18.63700425  8.04970436]
[18.84036822  7.91988624]
[18.93636136  7.89049322]
[19.03805279  7.84910527]
[19.07932851  7.86123251]
[19.28173519  7.709608  ]
[19.50109876  7.53431801]
[19.764001    7.74672592]
[20.00198243  7.93899976]
[20.21771728  8.11271066]
[20.41493387  8.26795148]
[20.59802702  8.40376643]
[20.77167962  8.5185388 ]
[20.9363073   8.54741363]
[21.10333829  8.52723998]
[21.27311503  8.47298747]
[21.44405558  8.40365693]
[21.6139992   8.32394648]
[21.78029218  8.23900407]
[21.94117389  8.15193936]
[22.09550182  8.06458333]
[22.24231196  7.97851485]
[22.38087792  7.89501549]
[22.51072265  7.81506828]
[22.63160913  7.73937536]
[22.74350498  7.66839448]
[22.64769561  7.56236084]
[22.53235865  7.49799869]
[22.39538149  7.47576142]
[22.27151662  7.45565282]
[22.26498783  7.32387271]
[22.25908448  7.20471724]
[22.25374717  7.09698047]
[22.24892092  6.99957213]
[22.24455761  6.91150512]
[22.24061269  6.83188659]
[22.23704662  6.75990894]
[22.23382261  6.69484061]
[22.23090882  6.63602021]
[22.22827457  6.58285025]
[22.28597949  6.59487568]
[22.33813821  6.60574512]
[22.54175563  6.65899943]
[22.80000656  6.78851617]
[23.09368118  6.75374868]
[23.70340254  6.26898406]
[24.54584469  5.99483397]
[25.64469635  5.52921354]
[26.37693576  5.32410192]
[27.63751237  5.66305813]
[28.66102532  6.0347074 ]
[29.76727916  6.64275787]
[30.5687725   7.20298918]
[30.74490255  7.3784492 ]
[30.79386529  7.65780494]
[30.76418293  7.99353851]
[30.73736541  8.29686926]
[30.71313705  8.57091722]
[30.69124854  8.81850256]
[30.67147399  9.04217604]
[30.65360938  9.2442413 ]
[30.63747131  9.4267818 ]
[30.62289249  9.59167967]
[30.60972334  9.74063665]
[30.59782708  9.87519106]
[30.5870814   9.99673213]
[30.5773748  10.10651647]
[30.56860768 10.2056782 ]
[30.56068881 10.29524432]
[30.55353658 10.37614058]
[30.57352021 10.50280912]
[30.61684086 10.66870155]
[30.77675712 11.0023337 ]
[31.03742478 11.5027512 ]
[31.41173698 12.20541755]
[31.69749309 12.86103542]
[31.89563022 13.27396614]
[32.0307939 13.5358288]
[32.11672406 14.02206431]
[32.18928239 14.49855828]
[32.35370355 14.82804669]
[32.52059812 15.10649827]
[32.6573606  15.37217543]
[32.77657469 15.61643898]
[32.88402848 15.83717738]
[32.98097017 16.0365662 ]
[33.15433238 16.12515193]
[33.37740134 16.20163629]
[33.63541601 16.27021322]
[33.89163877 16.33902586]
[34.14332013 16.41087766]
[34.39981603 16.48015771]
[34.65021245 16.54859309]
[34.77316036 16.55298694]
[34.88894591 16.55815717]
[35.00315153 16.53617594]
[35.10960853 16.49939552]
[35.17193748 16.49448156]
[35.20384079 16.50891984]
[35.21593842 16.53073312]
[35.21091142 16.55491431]
[35.19715396 16.57406853]
[35.11412345 16.6497784 ]
[35.03615848 16.70180077]
[34.96483707 16.75108305]
[34.89935364 16.79757127]
[34.83255591 16.83001384]
[34.76487523 16.85025397]
[34.69530775 16.86275514]
[34.62444911 16.86847247]
[34.58441638 16.8323104 ]
[34.57065239 16.760344  ]
[34.68026049 16.55498713]
[34.84254283 16.29029789]
[35.14412825 15.56769939]
[35.44553869 14.88140904]
[35.74397445 14.23793168]
[36.03413038 13.63914209]
[36.17064922 12.95482664]
[36.45941309 12.59709822]
[36.66996664 12.24755731]
[36.83093216 11.92874333]
[37.01719464 11.67834231]
[37.20137041 11.46128242]
[37.28433243 11.31834767]
[37.33618192 11.18267782]
[37.69389321 11.09586468]
[37.94141962 11.00620488]
[38.24293334 10.87726959]
[38.55043238 10.73721865]
[38.82737987 10.61146506]
[39.07671143 10.49864777]
[39.16507502 10.1513406 ]
[39.24371205  9.83803941]
[39.31358249  9.55542521]
[39.37660112  9.30119852]
[39.43344242  9.07259077]
[39.57347978  8.38997054]
[39.70202568  7.73194944]
[39.71068383  7.24512492]
[39.68449478  6.84848908]
[39.84491411  6.48841137]
[39.99524179  6.17407015]
[40.14628132  5.86997757]
[40.28963237  5.58458536]
[40.42321991  5.31674493]
[40.54603657  5.06698562]
[40.65774193  4.83553727]
[40.75874418  4.62184082]
[40.84882374  4.42855341]
[40.92908868  4.25341004]
[40.9999038   4.09531895]
[41.0624104   3.95241338]
[41.11729647  3.82210064]
[41.16544106  3.7033155 ]
[41.20902539  3.59380212]
[41.24843471  3.49290366]
[41.28383954  3.40053004]
[41.31561491  3.31596882]
[41.34475686  3.23767759]
[41.37148469  3.16516894]
[41.39548894  3.09890113]
[41.41703286  3.03831175]
[41.43614256  2.98340362]
[41.45266733  2.9338177 ]
[41.46686396  2.88903094]
[41.48012413  2.84983641]
[41.49253429  2.81567537]
[41.50284339  2.78445999]
[41.51126994  2.75590929]
[41.51730175  2.73134587]
[41.52119615  2.71035562]
[41.52481186  2.690459  ]
[41.52816892  2.67156742]
[41.53150635  2.653764  ]
[41.5348225  2.636954 ]
[41.53865412  2.62206753]
[41.5429462   2.60891718]
[41.54759965  2.59750144]
[41.55258079  2.58765493]
[41.5578479  2.5792623]
[41.56338032  2.57218807]
[41.56837046  2.56580715]
[41.57287113  2.56005206]
[41.57692989  2.55486137]
[41.58059053  2.55018028]
[41.58389115  2.54595964]
[41.58686657  2.54215449]
[41.58954953  2.53872216]
[41.59196835  2.53562701]
[41.59414947  2.53283516]
[41.59611609  2.53031824]
[41.59788954  2.52804989]
[41.59948795  2.52600432]
[41.60092838  2.5241623 ]
[41.60222525  2.52250309]
[41.65413736  2.49826803]
[41.70035424  2.47635575]
[41.7414348   2.45654029]
[41.77884196  2.43967012]
[41.81293746  2.42545351]
[41.84296591  2.41233327]
[41.86932716  2.40020107]
[41.89177635  2.3903388 ]
[41.91069916  2.38252725]
[41.92699457  2.37565621]
[41.94092143  2.36963531]
[41.95101412  2.36645679]
[41.95765538  2.36583844]
[41.9629448   2.36791229]
[41.96701724  2.37243996]
[41.97069107  2.37651544]
[41.97343584  2.38014041]
[41.97534588  2.38335974]
[41.97740548  2.38719952]
[41.9795982   2.39159223]
[41.98090206  2.39527243]
[41.98140731  2.39831241]
[41.98059545  2.40216576]
[41.97860227  2.40675153]
[41.97608658  2.41109113]
[41.97310327  2.41521046]
[41.96803133  2.42116659]
[41.96108234  2.42877978]
[41.9541486   2.43849728]
[41.94723104  2.45013731]
[41.94017043  2.4636698 ]
[41.93298118  2.47893059]
[41.92661722  2.49098417]
[42.08266795  2.66516309]
[42.27415721  2.87357805]
[43.00465555  2.76698903]
[43.7198816   2.62377734]
[43.84622769  3.18348021]
[43.95951504  3.68878992]
[44.23748895  3.98392557]
[44.4881227   4.25003635]
[44.87909995  4.32605732]
[45.23161747  4.39460366]
[45.54945796  4.45641046]
[45.83603092  4.51213981]
[46.09441153  4.56239017]
[46.32737242  4.60769835]
[46.53741165  4.64855151]
[46.72678506  4.6853866 ]
[46.89752573  4.71859931]
[47.0514653   4.74854476]
[47.19025706  4.77554575]
[47.31539015  4.79989163]
[47.42820972  4.82184141]
[47.52992595  4.8416318 ]
[47.73347291  4.87830576]
[47.91636721  4.91132262]
[48.08050426  4.94103616]
[48.22848626  4.9678256 ]
[48.3619013   4.99197922]
[48.48218369  5.01375604]
[48.59062553  5.03339004]
[48.68839218  5.05109129]
[48.77653451  5.06704966]
[48.85599956  5.08143775]
[48.9276408   5.09440964]
[48.99222813  5.10610456]
[49.05045597  5.11664978]
[49.10294941  5.12615629]
[49.15027319  5.13472673]
[49.1929356   5.14245237]
[49.23139623  5.14941722]
[49.27670554  5.1876091 ]
[49.32831794  5.25434295]
[49.35879179  5.26632972]
[49.37001014  5.22836646]
[49.40313697  5.20121595]
[49.45600325  5.18548556]
[49.44134991  4.99909346]
[49.39392433  4.72445454]
[49.76003908  4.98503333]
[50.0869929   5.22012108]
[50.37863772  5.43223928]
[50.64421191  5.62986126]
[50.88626719  5.81435917]
[51.09903538  5.97774365]
[51.2853981   6.12206124]
[51.4533784   6.25214716]
[51.60479115  6.36939999]
[51.74128032  6.47508584]
[51.86432188  6.57033904]
[51.97522089  6.65620013]
[52.07517815  6.73359197]
[52.16534266  6.80338339]
[52.246691    6.86632584]
[52.32004579  6.92307017]
[52.38620178  6.97422832]
[52.44588732  7.02036825]
[52.49983736  7.05979566]
[52.54779622  7.09751634]
[52.59036806  7.1335783 ]
[52.6291615   7.16299147]
[52.66457261  7.18616603]
[52.69680173  7.20273095]
[52.72319539  7.21790475]
[52.74374646  7.23100042]
[52.75932377  7.24222944]
[52.77074036  7.25184223]
[52.78102716  7.26051163]
[52.79029576  7.26832957]
[52.79864641  7.27538071]
[52.8061708  7.2817396]
[52.81295059  7.28747374]
[52.81905938  7.29264514]
[52.82456361  7.29730874]
[52.82952265  7.3015152 ]
[52.83399105  7.30530879]
[52.83801715  7.30872972]
[52.84164521  7.31181419]
[52.84491345  7.3145965 ]
[52.84785822  7.31710529]
[52.78578562  7.40087284]
[52.50659988  7.25890992]
[52.39742069  7.33141395]
[52.40854931  7.55697051]
[52.48909751  7.8722502 ]
[52.55435203  8.17202595]
[52.60682371  8.45500953]
[52.64892474  8.72000038]
[52.6829389   8.96598364]
[52.71097919  9.19221616]
[52.73493282  9.39829989]
[52.75641551  9.58422139]
[52.77577802  9.7517989 ]
[52.79206227  9.90626062]
[52.80184861 10.04524995]
[52.80538031 10.16941953]
[52.80351004 10.28027928]
[52.80182397 10.38019871]
[52.80030436 10.47025841]
[52.79893419 10.55143122]
[52.79769898 10.62459383]
[52.79658557 10.69053621]
[52.79558236 10.7499709 ]
[52.79467823 10.80353929]
[52.79386325 10.85182115]
[52.79312843 10.89533813]
[52.79246571 10.93455942]
[52.79186887 10.96990923]
[52.79133054 11.00177044]
[52.79084589 11.03048629]
[52.79040853 11.05636823]
[52.7900143  11.07969479]
[52.78965892 11.10071908]
[52.78933898 11.11966795]
[52.78905042 11.13674591]
[52.78879049 11.15213836]
[52.78855574 11.16601112]
[52.78834429 11.17851445]
[52.78815402 11.1897837 ]
[52.78798212 11.19993985]
[52.78782721 11.20909299]
[52.75129511 12.19810805]
[52.71836981 13.08946944]
[52.68869583 13.89281736]
[52.66195183 14.61683998]
[52.63784865 15.26936935]
[52.61612539 15.85746317]
[52.59654753 16.38748306]
[52.57890322 16.8651631 ]
[52.56454108 17.30212906]
[52.44285925 17.81095698]
[52.31782774 18.2788091 ]
[52.50299164 18.62587414]
[52.66988487 18.938256  ]
[52.82069225 19.21944312]
[53.12934821 19.29480321]
[53.48540302 19.27939471]
[53.86685262 19.19982988]
[54.26139323 19.07284384]
[54.61734533 18.95812416]
[54.93850224 18.85447242]
[55.22827982 18.76080978]
[55.48975855 18.67616288]
[55.7257117  18.59965685]
[55.93864058 18.5305023 ]
[56.1307999  18.46798708]
[56.3042205  18.41147045]
[56.46073491 18.36037271]
[56.60199436 18.31417225]
[56.72948912 18.27239722]
[56.84456342 18.23462171]
[56.94826456 18.20058382]
[57.04171603 18.16991128]
[57.12593123 18.14227302]
[57.2018217  18.11736864]
[57.27021261 18.09492615]
[57.33184318 18.07470321]
[57.38738201 18.05648141]
[57.43743072 18.0400621 ]
[57.48253245 18.02526639]
[57.52317577 18.01193456]
[57.55980204 17.99992089]
[57.59280718 17.98909624]
[57.62254898 17.97934207]
[57.64935123 17.97055276]
[57.67350368 17.96263333]
[57.69526861 17.95549657]
[57.71657361 17.95499167]
[57.73080797 17.95428815]
[57.73780408 17.9517532 ]
[57.73844929 17.9477315 ]
[57.73902913 17.94410777]
[57.73955214 17.94084217]
[57.74002319 17.93790051]
[57.74044686 17.93524989]
[57.7408282  17.93286178]
[57.74117317 17.93070953]
[57.74148236 17.92877063]
[57.74176105 17.92702292]
[57.74201233 17.92544866]
[57.74223883 17.92403001]
[57.7424426  17.92275168]
[57.74262636 17.92160001]
[57.74279131 17.92056239]
[57.74293897 17.91962759]
[57.74307258 17.91878527]
[57.74319336 17.91802583]
[57.74330141 17.91734242]
[57.74339895 17.91672632]
[57.74348766 17.91617091]
[57.74356682 17.91567046]
[57.74363841 17.91521966]
[57.74370336 17.91481372]
[57.74376152 17.91444675]
[57.74381327 17.91411682]
[57.74385965 17.91381933]
[57.74390235 17.91355198]
[57.7439406  17.91331119]
[57.74397415 17.9130937 ]
[57.74400525 17.91289701]
[57.74403293 17.91272069]
[57.74405805 17.91256158]
[57.74408044 17.91241884]
[57.74410088 17.91228945]
[57.74545093 17.91699165]
[57.74251749 17.92097831]
[57.73504499 17.92304985]
[57.72367734 17.92352791]
[57.7093319  17.92273448]
[57.69279603 17.92094735]
[57.67472839 17.91840454]
[57.65567568 17.91530399]
[57.63608435 17.91180967]
[57.6163144  17.90805605]
[57.59665126 17.90415157]
[57.57731813 17.90018209]
[57.55848605 17.89621467]
[57.54028255 17.89230294]
[57.52279951 17.88848644]
[57.50609797 17.88479432]
[57.49021789 17.88124828]
[57.47517736 17.87786234]
[57.46098237 17.87464556]
[57.44762595 17.87160081]
[57.43509078 17.86873074]
[57.42335537 17.8660333 ]
[57.41238999 17.86350497]
[57.43938298 17.85887182]
[57.49704311 17.85271375]
[57.5794643  17.84518519]
[57.68116802 17.83610072]
[57.79646313 17.82504727]
[57.91923026 17.81162861]
[58.04320239 17.79584494]
[58.16265446 17.77845873]
[58.27317227 17.76110369]
[58.37275456 17.74546584]
[58.46248391 17.7313758 ]
[58.54333536 17.71867893]
[58.61618713 17.70723835]
[58.68182952 17.6969297 ]
[58.74097707 17.68764149]
[58.79427199 17.67927244]
[58.8422931  17.67173088]
[58.90222104 17.64495581]
[59.07256265 17.69012928]
[59.31125481 17.69031406]
[59.49258964 17.63351586]
[59.59959104 17.51782482]
[59.6427417  17.36153078]
[59.63830984 17.18262501]
[59.59992892 16.99442859]
[59.53792161 16.80589182]
[59.46050291 16.62279633]
[59.3722422 16.450396 ]
[59.27852857 16.28991272]
[59.1832864  16.14174752]
