[16.4276496   5.90325005]
[24.76401081  5.8860057 ]
[30.70911607  5.67339179]
[35.5000903   5.54832595]
[40.09328397  5.41321744]
[43.76370988  5.37170866]
[47.53551621  5.44566831]
[50.83006598  5.50180762]
[54.00834262  5.61036612]
[56.83446757  5.69429864]
[59.47096587  5.72802502]
[61.89184231  5.76107282]
[64.20961186  5.79180744]
[66.36751652  5.80604471]
[68.0243031   5.84937583]
[69.49703042  5.7708947 ]
[70.84493192  5.73573503]
[72.06198919  5.68267844]
[73.26642731  5.66299153]
[74.33195851  5.6323303 ]
[75.31655988  5.63368687]
[76.1892447   5.63315991]
[76.94068738  5.59533088]
[77.59550447  5.55050761]
[78.1791748   5.51354582]
[78.83077672  5.48158081]
[79.42216752  5.45775275]
[79.94124366  5.43283515]
[80.32577808  5.3977117 ]
[80.65096206  5.36324748]
[80.96821628  5.33381119]
[81.23157936  5.30474707]
[80.32819172  5.12603164]
[79.94879214  5.05072532]
[79.24680534  4.89974449]
[78.55637464  5.05954247]
[77.80310729  5.3614941 ]
[76.9159524   5.12195534]
[76.01204686  4.6273458 ]
[75.11367409  4.03042322]
[74.17350827  3.35256256]
[73.22590915  2.74691354]
[72.03567469  2.22090404]
[70.93215756  1.7625156 ]
[70.164709    1.36503856]
[69.65904151  1.00618769]
[69.45120116  0.71339731]
[69.2291027   0.48496828]
[68.95555569  0.27415176]
[6.85631239e+01 2.36454554e-04]
[68.42631313  0.14686063]
[6.83352193e+01 9.59053094e-03]
[68.17288321  0.19783382]
[68.27059917  0.2916875 ]
[68.42887476  0.35695403]
[68.56954428  0.33700511]
[68.75708009  0.27897193]
[65.86205748  0.41149786]
[62.5769904   1.01421661]
[59.04081986  1.66367981]
[55.4546898   2.29035728]
[52.03309923  2.88754119]
[49.21613293  3.6106043 ]
[46.68755982  4.29407138]
[43.998632   4.9009305]
[41.25844865  5.45062045]
[38.86362851  6.2312376 ]
[36.85926725  7.06996868]
[34.87262663  7.70669767]
[32.89313474  8.21406606]
[31.16828141  8.73570069]
[29.67176223  9.27291614]
[28.40379859  9.95347603]
[27.54882826 10.61637295]
[26.78261576 11.30882555]
[26.27719708 11.92959342]
[25.93659954 12.19241637]
[25.62880697 12.29202239]
[25.39919523 12.41584751]
[25.22958778 12.54672435]
[25.24459824 12.87330876]
[25.30923932 13.25007783]
[25.60775019 13.37063875]
[25.65784839 13.68583894]
[25.89918805 13.76379376]
[25.78262362 14.16946382]
[25.44629174 14.75269325]
[25.03080419 15.38052391]
[24.5376714  16.00020709]
[24.03122836 16.58058396]
[17.21799776 18.37731808]
[13.01574415 19.77215784]
[ 8.5489781  20.98525268]
[ 5.36845959 21.94938613]
[ 2.63898373 22.76706344]
[ 0.38092678 23.712327  ]
[ 3.34568982 24.57759886]
[ 5.8336069  25.54427459]
[ 8.05530385 26.42835157]
[10.45333184 27.48070854]
[12.90386095 28.50922911]
[15.00072115 29.51860777]
[16.95452539 30.38955365]
[18.6789635  31.14035215]
[20.20899464 31.79671674]
[21.16984245 31.98143237]
[22.01647913 31.97218131]
[22.88333003 31.96234262]
[23.76164246 32.00842519]
[24.4812707  32.33615929]
[25.16181318 32.71808875]
[25.63946152 33.11900077]
[25.98662348 33.56094806]
[16.57863247 31.86766699]
[ 9.83343244 30.47852583]
[ 4.49502115 29.32595479]
[ 0.33251481 28.27294773]
[ 4.70355813 27.28451794]
[ 8.68578502 26.36658701]
[12.29806212 25.52642471]
[15.61725585 24.70020739]
[18.64711375 23.93671919]
[21.34670958 23.25924771]
[23.7827582  22.63340228]
[26.01669675 22.03450896]
[28.06958725 21.45535244]
[29.90612582 20.94495324]
[31.57721121 20.46851226]
[33.11727557 20.01178975]
[34.53772585 19.57226802]
[35.77783668 19.1611554 ]
[36.87481156 18.78259164]
[37.88456788 18.39889765]
[38.81422416 18.02391311]
[39.61964833 17.66382487]
[40.33541116 17.32073773]
[42.6517636  17.25481877]
[44.48644168 17.43788242]
[46.24639351 17.59257265]
[48.40531324 17.66745422]
[50.51432239 17.70814392]
[51.40630853 17.82969449]
[51.74466643 18.03707772]
[52.99057318 18.15507745]
[54.65682732 18.15307047]
[55.71797728 18.02780648]
[56.36835224 17.9514951 ]
[57.35491404 17.59827884]
[58.46983044 17.14304719]
[58.48877133 17.24205071]
[57.96682638 17.49123159]
[57.65635032 17.66581939]
[57.53472644 17.77045918]
[57.3220799  17.83329576]
[57.06786893 17.88759386]
[56.82671188 17.77287418]
[56.62854505 17.58055588]
[56.60227802 17.38683304]
[56.68292847 17.10680096]
[56.7522711  17.02835741]
[56.83863199 17.05282034]
[60.43882699 15.90524275]
[64.50263646 14.89924768]
[68.47389053 14.14529483]
[71.89026869 13.48385831]
[74.90428778 12.85316821]
[77.39142298 12.35260759]
[79.5939274  11.90599411]
[82.11716742 11.318654  ]
[84.44080411 10.70384454]
[86.40291879 10.16786552]
[88.06811972  9.69907218]
[89.40086675  9.29571878]
[90.38445376  8.91215553]
[91.29585122  8.57984179]
[92.11762643  8.28604044]
[92.81658851  8.07286537]
[93.36591401  7.88405802]
[93.96752952  7.73740109]
[94.57022649  7.64763007]
[95.06098053  7.5173733 ]
[95.4379893   7.33749148]
[95.88258907  7.32107532]
[96.33876175  7.40347983]
[96.39749772  7.47402791]
[96.43371579  7.49598212]
[96.67772327  7.74265907]
[97.01592482  8.09247198]
[97.3006193   8.37413442]
[97.56415754  8.619109  ]
[99.00382787  9.09766789]
[100.69588354   9.39713854]
[102.33724705   9.67092036]
[103.82233697   9.91862109]
[105.15646986  10.14514332]
[106.53235583  10.31335679]
[107.80803027  10.42648944]
[108.78644043  10.64722669]
[109.67110424  10.82115417]
[110.25250963  10.95602002]
[110.6718746   11.11333647]
[111.11370643  11.2243641 ]
[111.60874737  11.26910007]
[111.9119166  11.4356275]
[112.09667885  11.6434217 ]
[112.25181376  11.81034414]
[112.40044289  11.9515136 ]
[112.36086163  12.09233255]
[112.19131896  12.2421935 ]
[112.03659772  12.33038103]
[112.34375025  12.33595157]
[112.88238446  12.3022433 ]
[113.27117092  12.27147757]
[113.53443655  12.22787289]
[113.74040144  12.20464413]
[113.89607107  12.20192595]
[114.02405223  12.19013402]
[114.1255627   12.16893426]
[114.21944599  12.15605962]
[114.31129762  12.15534779]
[114.38177253  12.14545435]
[114.42737184  12.12237069]
[114.48342771  12.11893279]
[114.54860941  12.13280953]
[114.84024292  12.29501078]
[115.17424254  12.51458507]
[115.4901113   12.72439146]
[115.78276024  12.92334868]
[116.28931198  13.33821506]
[116.83988571  13.80042814]
[114.30110609  14.2107418 ]
[112.17512054  14.50020301]
[110.26451957  14.72275039]
[108.48418942  14.98621658]
[106.81905743  15.26363543]
[105.34230107  15.60314026]
[103.9704857   15.92806293]
[102.71206098  16.27745727]
[101.61724409  16.61378614]
[100.77073402  16.75691959]
[100.02849861  16.78517707]
[99.35894804 16.81803951]
[98.75831109 16.85482382]
[98.41635134 17.11087546]
[98.19665608 17.43526431]
[97.96558026 17.75593226]
[97.73617856 18.06885308]
[97.88181538 18.09137414]
[98.13505579 17.99218767]
[98.49460333 17.97340461]
[98.88397422 17.99330851]
[99.53394216 18.0014536 ]
[100.22211677  17.97424389]
[94.9545977  18.78166303]
[89.19232961 19.39815453]
[83.21185658 19.88098071]
[77.88913794 20.45021814]
[73.07656923 21.02571117]
[68.63005791 21.55263669]
[64.48448333 22.03931632]
[60.75827988 22.44346984]
[57.40292262 22.78094325]
[54.37550443 23.1218563 ]
[51.6481034  23.45962768]
[49.5097261  24.05931274]
[47.72411046 24.720798  ]
[46.18115723 25.28072168]
[44.83131269 25.77371511]
[44.21101948 26.63257057]
[43.80889261 27.52714523]
[37.98585517 28.30195081]
[31.25748346 28.90715257]
[24.04218229 29.47605453]
[17.72556287 30.0143543 ]
[11.95236805 30.39976442]
[ 6.2383144  30.65987913]
[ 0.69308419 30.78976092]
[ 4.18660113 30.70595265]
[ 8.51394217 30.41260632]
[12.65001653 30.13252238]
[16.62026269 29.86147555]
[19.83162659 29.74591147]
[22.67883916 29.64640387]
[25.43510691 29.6546756 ]
[28.1152068  29.76522403]
[30.42013235 29.43636865]
[32.4180003  28.77359156]
[34.13265425 28.33558328]
[35.66992211 28.0488287 ]
[36.53302916 28.01102396]
[37.23678073 27.93856003]
[37.94176487 27.91476979]
[38.55602566 27.94171356]
[39.13125161 27.75160933]
[39.72979662 27.37992505]
[40.20430284 27.19901736]
[40.59668758 27.16124537]
[40.91282816 26.8707455 ]
[41.21318634 26.41325904]
[41.55602445 26.0891041 ]
[41.8321242 25.9058054]
[42.07287033 25.68265123]
[42.29826833 25.44245535]
[42.2650511  25.49406501]
[42.11307516 25.69572188]
[41.79801962 25.96547961]
[41.4200356 26.2794769]
[40.8964688  26.54301357]
[40.56004212 26.77202967]
[39.39843192 27.24829169]
[38.23351901 27.78777385]
[48.39917211 28.903711  ]
[58.35911274 30.76600974]
[67.7729948  32.89501805]
[76.2524657  34.75944496]
[84.06381509 36.34319909]
[91.15162569 37.73376003]
[97.63826544 38.99733768]
[103.65448101  39.81458964]
[109.26210277  40.18765123]
[114.52055704  40.69083072]
[119.22962845  41.21962795]
[123.22229529  41.18632541]
[126.77962975  40.77154003]
[129.8951684  40.5705734]
[132.65275003  40.53672143]
[135.10422709  40.16477386]
[137.20994283  39.52472192]
[139.0775098   38.92219877]
[140.75185867  38.37653974]
[142.29725507  37.65768506]
[143.64064347  36.74914139]
[144.76305674  35.91998119]
[145.69699429  35.16974137]
[146.59061682  34.39166676]
[147.44684022  33.58908151]
[148.12584181  32.93904208]
[148.65654949  32.41476815]
[149.19862938  31.68590145]
[149.62104733  30.77875881]
[149.79611376  29.83961776]
[149.82578281  28.9462363 ]
[149.5183851   27.85584861]
[149.27351035  26.69916655]
[157.22536146  29.30615279]
[165.48341846  31.74197392]
[173.64700805  34.08263439]
[181.09335866  36.05661617]
[187.91949844  37.76196036]
[194.51592225  39.5043453 ]
[200.71340145  41.21167023]
[206.15914245  42.51748675]
[210.79570491  43.38794853]
[214.72812032  44.25431162]
[218.02293529  45.10394386]
[220.5976773   46.12313427]
[222.7779229   47.11258735]
[224.47724322  48.20355604]
[225.77490537  49.35585487]
[226.891671    50.21567653]
[227.8433413  50.8166081]
[234.78549036  52.46632863]
[242.40748024  54.20006077]
[250.27933077  55.91978966]
[257.30094535  57.57740888]
[263.64261876  59.10712409]
[269.75792701  60.53053687]
[275.45831153  61.89120513]
[280.4473436   63.16111489]
[284.82781308  64.31536961]
[288.53153165  65.51013235]
[291.6307814   66.73491979]
[294.20110832  67.94190128]
[296.3752369   69.05413707]
[298.07611501  70.22275561]
[299.36267927  71.43109818]
[300.26506542  72.68645442]
[300.84707205  73.96204392]
[301.17397412  75.1639275 ]
[301.31253487  76.25967282]
[301.23050129  77.39454961]
[300.97052993  78.54599285]
[300.54603038  79.28876683]
[300.00371963  79.70122813]
[299.34901266  79.81081842]
[298.61603263  79.67610417]
[297.78271728  79.52065427]
[296.86282145  79.34782787]
[295.87274264  79.20654086]
[294.83225513  79.08631654]
[293.72910263  79.08759904]
[292.57408517  79.19406887]
[291.30977067  79.36743647]
[289.99409033  79.56091649]
[288.55161579  79.55539241]
[287.08332331  79.45591611]
[272.02985953  80.34601093]
[259.45516423  81.13719541]
[248.85956891  81.81402209]
[239.47126932  82.56395326]
[231.18598716  83.32780101]
[224.10963705  83.97524531]
[218.06744554  84.55160831]
[212.51814088  85.08218245]
[207.45701929  85.55849483]
[202.99767013  86.01986976]
[199.06288642  86.47135474]
[195.43971063  86.82829613]
[192.11582441  87.11490043]
[189.15169349  87.38639718]
[186.5066983   87.64096608]
[184.12147834  87.86416813]
[181.97049509  88.05937285]
[180.02948533  88.23796817]
[178.27793065  88.40144363]
[176.69355972  88.54638245]
[175.26019602  88.6746769 ]
[175.80355536  89.521341  ]
[176.19678187  90.2803043 ]
[176.46036588  90.96104823]
[176.60582946  91.68779492]
[176.70924368  92.39332476]
[176.90280765  92.99756936]
[177.18037644  93.52653252]
[177.39839075  93.99288946]
[177.54797016  94.37550807]
[177.76482931  94.71881407]
[178.01888144  95.02297369]
[178.20711701  95.26993031]
[178.33658117  95.46476665]
[178.50388452  95.65262704]
[178.63721653  95.83955876]
[178.72373212  95.94576224]
[178.77976918  95.98922877]
[178.87691664  96.04427429]
[178.94588589  96.12740574]
[179.11075482  96.1514581 ]
[179.22786002  96.16953749]
[179.29301081  96.23452294]
[179.33219876  96.32129203]
[179.31217596  96.3554624 ]
[179.25244851  96.33296695]
[181.90810745  95.98707602]
[184.35158323  95.67852779]
[186.61579302  95.40451563]
[188.67439247  95.1838487 ]
[190.55047893  95.01034352]
[192.33259667  94.85689694]
[194.02747066  94.72659251]
[195.57959288  94.56979556]
[197.02459464  94.4106018 ]
[198.37967321  94.30861979]
[199.62719525  94.2475655 ]
[200.87777686  94.2140645 ]
[202.1106295  94.2045881]
[203.24197731  94.21323254]
[204.23891838  94.23040949]
[205.16566694  94.21030172]
[205.98708815  94.15229027]
[206.69756044  94.12062122]
[207.30744832  94.11294108]
[207.84407213  94.08701321]
[208.31435837  94.04503174]
[211.4018477  94.0745058]
[214.41840496  94.11283572]
[217.38138359  94.15989109]
[220.10016319  94.24889789]
[222.57431656  94.39344571]
[224.94830886  94.54373247]
[227.23536305  94.71021177]
[229.26631252  94.84557194]
[231.13137855  94.95951445]
[232.9169068   95.09724393]
[234.62232657  95.27296749]
[236.16355481  95.40500383]
[237.50491593  95.47826451]
[238.76286883  95.60902947]
[239.86442335  95.81175008]
[240.86385805  95.9740528 ]
[241.77490579  96.0986166 ]
[245.2048359   96.26088995]
[248.67414257  96.36302015]
[252.18264956  96.40872018]
[255.44037523  96.48690359]
[258.4764394   96.59027442]
[261.39450911  96.6607937 ]
[264.19917845  96.71386012]
[266.68793354  96.72654595]
[268.93329922  96.69449552]
[270.91536903  96.77330364]
[272.75252922  96.93354367]
[274.39416121  97.01380026]
[275.86998634  97.03417253]
[277.22092595  97.05776569]
[278.45510387  97.10202027]
[279.55967745  97.12562333]
[280.55999294  97.12881406]
[284.23794804  97.45804831]
[288.09943379  97.69296129]
[292.12175349  97.82280858]
[295.86502405  97.97818188]
[299.37881094  98.14042884]
[302.78529142  98.29697003]
[306.06863979  98.45771059]
[309.08139382  98.46127202]
[311.84280524  98.32505208]
[314.27218829  98.19062878]
[316.43495889  98.08946096]
[318.34242923  98.0070054 ]
[320.10270666  97.95167036]
[321.55156554  97.87265586]
[322.84286343  97.82362377]
[323.96428705  97.67406058]
[324.92934744  97.4240843 ]
[325.85103     97.35601307]
[326.61772871  97.41589072]
[327.29172931  97.44876697]
[327.88507019  97.45859102]
[331.11019265  98.56680691]
[335.62015585  99.61128547]
[340.01134329 100.31246137]
[343.55502007 100.91535   ]
[346.60327057 101.39798835]
[349.50776928 101.66923229]
[352.3206022  101.74526167]
[354.831256   101.76994954]
[357.14225859 101.71719535]
[359.06567977 101.59434694]
[360.64328538 101.40945871]
[362.00427929 101.11115218]
[363.16886685 100.71296498]
[364.09556312 100.40909   ]
[364.81250731 100.18692872]
[365.3189898   99.81755845]
[365.67717836  99.35844588]
[365.8613498   98.90793094]
[365.89485053  98.46735876]
[365.75602119  98.09371101]
[365.52424936  97.73039777]
[367.33971425  98.26456564]
[370.08951907  98.61090106]
[373.55170671  98.84906444]
[376.65984584  99.07906909]
[379.51998976  99.24989806]
[382.34647618  99.29986468]
[385.16710941  99.23496375]
[387.68707438  99.0823468 ]
[389.9476328   98.87038422]
[391.84661246  98.61940679]
[393.5066628   98.38955353]
[394.95046208  98.15057814]
[396.28132539  97.94641268]
[397.42925264  97.7382375 ]
[398.38691013  97.56914399]
[399.22648672  97.33010195]
[399.9722857   97.04337766]
[400.55221724  96.90041344]
[400.99669953  96.8726239 ]
[401.3373692   96.89462741]
[401.60552569  96.94834602]
[403.70007535  97.80822416]
[406.10304351  98.21472584]
[408.77113964  98.25444242]
[411.89944867  98.30059594]
[415.10526628  98.20791643]
[418.47535093  97.94857755]
[421.60999076  97.42452643]
[424.31905977  96.83981696]
[426.67470613  96.19824143]
[428.49956807  95.50574575]
[429.98017826  94.77636482]
[431.13289655  94.1034943 ]
[432.64907858  93.67723007]
[433.95514067  93.25514179]
[435.02362363  92.78254058]
[435.96098548  92.2919374 ]
[436.69369195  91.76423811]
[437.77858288  91.45515675]
[438.69546562  91.18300401]
[439.44219476  90.81068335]
[440.04114719  90.34993582]
[442.53285188  90.60760524]
[444.57881745  90.46887502]
[446.97123489  90.21338386]
[448.7118509   90.04202828]
[450.02935836  89.87791252]
[451.31046326  89.40506384]
[452.70517896  88.60648045]
[453.85070166  87.77387116]
[454.78989494  86.9153611 ]
[455.5157639   86.04563185]
[456.05334921  85.17149204]
[456.45398356  84.43256246]
[456.75937727  83.79346993]
[456.9930013   83.30124062]
[457.20133595  82.90569186]
[457.07793698  82.70053527]
[456.87175546  82.56233859]
[456.70881905  82.43494935]
[456.50615898  82.36059954]
[456.08535491  82.44492296]
[455.58936911  82.57200873]
[458.46627701  82.75046258]
[461.62595001  82.73580492]
[464.9860726   82.55763888]
[467.8753523   82.46699204]
[470.3952441   82.40140634]
[472.8905155  82.1038348]
[475.25760716  81.62542159]
[477.36558658  81.10649311]
[479.20936414  80.56386439]
[480.75878219  79.99792099]
[481.98258802  79.41431388]
[483.0663551   78.94069281]
[484.02628144  78.5613154 ]
[484.88267263  78.27992179]
[485.64852921  78.08526042]
[486.36841971  77.95918317]
[486.97086073  77.9305041 ]
[487.43230463  77.9637697 ]
[487.78239913  78.03946386]
[487.80922028  77.73465408]
[487.6527621   77.19301712]
[488.6148073   76.89337221]
[489.90291788  76.5401409 ]
[491.44149641  76.14010115]
[492.72512872  75.81345401]
[493.86667836  75.48800696]
[495.0737921   74.96737398]
[496.3272391   74.28578387]
[497.31040689  73.49166463]
[498.10238311  72.64310755]
[498.68201117  71.85784307]
[499.10719795  71.1579107 ]
[499.53916275  70.61829608]
[499.97351362  70.21154133]
[500.22440091  69.7645617 ]
[500.3210671   69.28739894]
[500.38593011  68.77978184]
[500.42399078  68.24570566]
[500.3627008   67.78355798]
[500.22284949  67.38063622]
[499.86013149  67.18109387]
[499.40392245  67.06833996]
[501.99569495  67.3722523 ]
[504.37441693  67.6401735 ]
[506.58320578  67.87258313]
[508.43826203  67.93645206]
[510.0109863   67.90037536]
[511.75848756  67.82561134]
[513.5618752   67.64981518]
[514.6533824  67.1313817]
[515.6474147   66.72397882]
[516.44965123  66.31635228]
[517.08374858  65.91193263]
[517.64763381  65.50264674]
[518.14896384  65.08959946]
[518.9496393   64.81802948]
[519.95714357  64.65854298]
[521.12949241  64.54176031]
[522.10478964  64.37102447]
[522.87714532  64.24013696]
[523.47108922  64.14249474]
[523.81999562  64.08918335]
[523.9738032   64.05885932]
[523.98623931  63.91589746]
[523.92706134  63.7247387 ]
[523.72974375  63.31596804]
[523.43593092  62.7363843 ]
[523.35097904  62.36690982]
[523.29508596  62.09639681]
[523.9660145   61.80653892]
[524.39695931  61.4219608 ]
[524.08803388  61.76366454]
[523.51224283  62.36349993]
[522.67537447  63.05959299]
[521.67088005  63.79340765]
[520.08794492  63.82146166]
[518.35032427  63.57502962]
[516.48596588  63.03388621]
[514.62436122  62.33929385]
[512.25795462  62.36952147]
[509.80532848  62.69089435]
[507.27097352  62.66354495]
[504.78207627  62.43415743]
[502.33888746  62.4078586 ]
[500.18180179  62.44461927]
[478.67344666  59.11750458]
[459.56893286  56.07534764]
[442.62601264  53.30887587]
[427.36500288  50.80054581]
[413.60377952  48.53809009]
[401.22072005  46.49054669]
[390.03005499  44.66915303]
[380.0040424   42.96690533]
[371.00180521  41.37722125]
[362.88033145  39.96187113]
[355.56120701  38.69108006]
[348.96991876  37.51136988]
[343.01451214  36.43735917]
[337.6455803   35.46573743]
[332.81759353  34.598693  ]
[328.67668218  33.87911335]
[324.90791543  33.284466  ]
[324.41151279  32.638792  ]
[323.05075568  32.14061019]
[321.11485505  31.77062588]
[319.49045634  31.34600681]
[318.08331479  30.92831101]
[316.66115704  30.65090803]
[315.26013773  30.47644172]
[314.03560888  30.36278026]
[312.96734439  30.3008011 ]
[312.00239451  30.25147168]
[311.13268618  30.2167824 ]
[310.37178517  30.16416063]
[309.69287258  30.10989032]
[309.04836565  30.05986551]
[308.48651464  29.99927759]
[307.97283477  29.93062651]
[307.50193577  29.8534379 ]
[310.03989146  30.12313719]
[312.19702537  30.37264136]
[314.04998696  30.60227555]
[315.74084006  30.78798021]
[317.24522554  30.97449931]
[318.6398606   31.11238508]
[319.9292482   31.21469609]
[320.94929423  31.19154307]
[321.82805735  31.11308983]
[322.5737946   31.07674926]
[323.2063196   31.07013732]
[323.66829525  30.91488406]
[324.03044504  30.68670147]
[324.04180255  30.50435706]
[324.01165183  30.31556457]
[323.95518645  30.14519112]
[323.88763364  29.98274514]
[323.61352791  30.04766787]
[323.27785698  30.19388896]
[322.7671378   30.08459153]
[322.21473532  29.86552859]
[321.4090207   29.37374009]
[320.54812599  28.8056218 ]
[319.75304185  28.28133662]
[319.01785624  27.79769291]
[318.05808323  27.08120872]
[317.05748766  26.31307751]
[316.11931881  25.63350126]
[315.25131069  25.02268363]
[319.00025333  25.94435343]
[322.73244013  26.73876283]
[326.46084286  27.4136208 ]
[329.85206805  28.07315001]
[332.9198563   28.69104908]
[335.83051511  29.13981175]
[338.60648679  29.44480306]
[341.08692872  29.68222714]
[343.31432813  29.86889956]
[345.34241325  30.0999187 ]
[347.17794592  30.31812021]
[348.74112795  30.39628569]
[350.08750952  30.37663903]
[351.35522027  30.38433447]
[352.4768917  30.344631 ]
[353.36681109  30.36295564]
[354.10056617  30.38728335]
[354.70145321  30.35212943]
[355.19267874  30.27336346]
[355.39862255  29.95043394]
[355.46949339  29.52540589]
[356.855482    29.68337072]
[358.57294407  29.80237856]
[360.56151801  29.88810527]
[362.24647568  30.05741348]
[363.70022521  30.26094042]
[365.13448038  30.31717786]
[366.53600103  30.25780745]
[367.68894341  30.17717698]
[368.63929867  30.09110033]
[369.44920441  30.06628452]
[370.15109923  30.07930146]
[370.72687186  30.11186841]
[371.19836502  30.15376789]
[371.602191    30.14719231]
[371.94852102  30.09871241]
[372.13326224  29.90366717]
[372.20374281  29.60642231]
[372.26477849  29.28479493]
[372.32396748  28.95595532]
[372.29757276  28.57244755]
[372.20212037  28.14624444]
[372.07637112  27.68684902]
[371.93830329  27.20905073]
[371.59279469  26.56802388]
[371.19945991  25.91061082]
[363.71600853  24.36700054]
[357.17647026  22.96753018]
[351.37212458  21.70340212]
[346.14259359  20.56515095]
[341.43170888  19.53997578]
[337.22478524  18.59253081]
[333.45991308  17.72306886]
[330.13998416  17.01370226]
[327.18198236  16.4103667 ]
[324.51447948  15.86347698]
[322.11209159  15.36800668]
[319.9494569   14.92240643]
[317.99910154  14.51914262]
[316.4829806   13.90205748]
[315.22564939  13.22719461]
[314.04608305  12.57082229]
[312.97711911  11.97254923]
[311.94465793  11.36083571]
[310.95151386  10.77470379]
[310.0586858   10.24088982]
[309.25624816   9.75406118]
[308.5338628    9.31864367]
[307.88365426   8.92953343]
[303.30124774   9.09026475]
[298.67748007   9.24127196]
[294.04039483   9.38827186]
[289.86400131   9.52180972]
[286.10215918   9.64367146]
[282.64598711   9.79435243]
[279.46237378   9.9730066 ]
[276.64404014  10.2001542 ]
[274.13245044  10.44936367]
[271.92784384  10.60577055]
[269.98091444  10.69767028]
[268.27605769  10.83042111]
[266.76955487  10.98025723]
[265.34091001  11.0896423 ]
[263.99086444  11.16677159]
[262.78979366  11.23726268]
[261.72197262  11.30141122]
[260.80159533  11.39979727]
[260.00051785  11.51551481]
[256.9824056   10.75493722]
[253.85153333  10.09279881]
[250.6424043    9.51984835]
[247.74628731   9.01057316]
[245.13198074   8.55877775]
[242.69538061   8.20135507]
[240.42020813   7.92779517]
[238.39215313   7.70418747]
[236.58446375   7.52335155]
[234.99350296   7.31093946]
[233.5910073    7.07728002]
[232.34697963   6.88686073]
[231.24290567   6.73260896]
[230.19934438   6.58026506]
[229.21273284   6.43107527]
[228.32528103   6.29596265]
[227.52715587   6.17352141]
[226.81386764   6.05779918]
[226.17610947   5.94891837]
[224.39427919   5.73293949]
[222.50147276   5.55439822]
[220.52075683   5.4092589 ]
[218.72922399   5.28709582]
[217.10810192   5.18564026]
[215.57900552   5.1339356 ]
[214.13368425   5.12640758]
[212.85015323   5.13928595]
[211.71093823   5.16912271]
[211.05121507   4.81429081]
[210.61931487   4.32006045]
[210.26325115   3.87057962]
[209.96030818   3.47295024]
[209.6539189    3.09940305]
[209.34899899   2.74265605]
[209.07281434   2.42294004]
[208.82256025   2.13654454]
[208.5772324    1.89708984]
[208.33706913   1.69917829]
[206.59753972   1.88730182]
[204.82351549   2.06776483]
[203.02466999   2.24113742]
[201.39633745   2.40641059]
[199.92165076   2.56434834]
[198.73715154   2.55382212]
[197.75710156   2.4493852 ]
[196.90696514   2.44802471]
[196.15263607   2.51245866]
[195.40972166   2.5511783 ]
[194.6879544    2.57385058]
[194.05413692   2.59890159]
[193.49680565   2.62683916]
[192.94869537   2.66952   ]
[192.4120572    2.72181581]
[191.92948097   2.76897325]
[191.49541035   2.81147497]
[191.09382752   2.85870158]
[190.72168265   2.91002214]
[189.36034369   3.00576795]
[187.97903949   3.09923683]
[186.58360812   3.19031736]
[185.31935914   3.28101592]
[184.17334062   3.37132841]
[183.22321928   3.36954122]
[182.43846059   3.29624432]
[181.7479214   3.2881122]
[181.1394027    3.33381612]
[180.54155745   3.36684748]
[179.95980586   3.38923612]
[179.44475483   3.41701349]
[178.98868316   3.44957961]
[178.52923      3.49291918]
[178.06990476   3.54320399]
[177.65242273   3.58744082]
[177.27252778   3.62619722]
[176.92190032   3.66706377]
[176.59774658   3.70974273]
[175.57657741   3.74727028]
[174.5346895    3.78621965]
[173.4763775    3.82638841]
[172.51651167   3.87076833]
[171.64537438   3.91891415]
[170.92064986   3.9043851 ]
[170.32299106   3.83839663]
[169.79801529   3.82731776]
[169.33713338   3.86349501]
[168.87985303   3.8905072 ]
[168.42810705   3.91021299]
[168.02768981   3.93605802]
[167.67286589   3.96727192]
[167.49254458   4.14890321]
[167.39920001   4.39334953]
[167.26423772   4.58589947]
[167.09043206   4.73162383]
[166.93545501   4.86618405]
[166.79620748   4.98968644]
[165.7646247    4.92617131]
[164.73503271   4.87316425]
[163.7083273   4.8295883]
[162.77729072   4.79828595]
[161.93246401   4.77801376]
[161.68102659   4.78371135]
[161.19778297   4.71900605]
[160.80856      4.75951747]
[160.4949214   4.8773835]
[160.11857576   4.95785149]
[159.69308115   5.00588401]
[159.33065697   5.05867075]
[159.02082182   5.11577189]
[158.64382221   5.13914401]
[158.21662355   5.12916957]
[157.8418226   5.1211566]
[157.51415977   5.11489584]
[157.2188296    5.10961117]
[156.9527183    5.10515808]
[155.86187986   5.02570419]
[154.97641846   4.95504244]
[154.10246778   4.89505279]
[153.30348122   4.83367636]
[152.56972615   4.76420004]
[152.69225033   4.76983415]
[151.74670974   4.50809155]
[150.92969645   4.29366532]
[150.22748477   4.07269453]
[149.64110734   3.90044249]
[149.15337575   3.76612425]
[148.7512864   3.6749795]
[148.42263926   3.62003916]
[148.18267499   3.59816387]
[148.01476202   3.60421982]
[147.86637761   3.61488717]
[147.73559219   3.6297142 ]
[147.61965827   3.64320397]
[147.51717802   3.655514  ]
[147.15946979   3.79508671]
[146.94890793   3.96878828]
[146.79225701   4.14434844]
[146.62217867   4.28447433]
[146.44090708   4.39301787]
[146.4300552    4.43738594]
[146.54695725   4.4305001 ]
[146.68644862   4.44420112]
[146.8443339    4.47702866]
[147.01620859   4.53198428]
[147.19758712   4.60375278]
[147.37245888   4.68487705]
[147.54317073   4.77442896]
[148.01510413   4.63158432]
[148.61111408   4.41405752]
[149.26906494   4.1004532 ]
[149.93884611   3.74524763]
[150.52925141   3.449099  ]
[151.04811216   3.20647716]
[150.54744591   3.52911843]
[150.16222625   3.85641571]
[149.86215782   4.18016232]
[149.56449899   4.44359785]
[149.26491414   4.6537611 ]
[149.13653358   4.82521952]
[149.14873097   4.96365854]
[149.19072506   5.10096272]
[149.25815015   5.23812683]
[149.45709638   5.25196554]
[149.73103      5.19448604]
[149.88823145   5.2516459 ]
[149.98207993   5.37151441]
[150.14828883   5.45839664]
[150.38977398   5.50302861]
[150.57192705   5.58246232]
[150.7123972    5.68166811]
[150.62376847   5.81830622]
[150.61834012   5.9863584 ]
[150.66966374   6.17441026]
[150.68180449   6.30821236]
[150.65576244   6.394982  ]
[150.80220295   6.38713971]
[151.06461195   6.32446002]
[151.23717091   6.31352247]
[151.3237878    6.35559954]
[151.50678405   6.37653754]
[151.77870844   6.37304931]
[152.05222559   6.41628897]
[152.31188529   6.49143562]
[152.56936983   6.56101336]
[152.83115916   6.62901655]
[153.05752816   6.70755741]
[153.25212887   6.7943921 ]
[153.47369212   6.83640849]
[153.6916395    6.86574672]
[153.65109505   7.10560243]
[153.69960613   7.35906211]
[153.81411644   7.61733875]
[153.86837725   7.80855849]
[153.86815571   7.94356673]
[153.96227927   8.03219954]
[154.13693279   8.08218839]
[154.20667584   8.17900001]
[154.1947711    8.30894731]
[154.30701271   8.39392524]
[154.52490458   8.44051409]
[154.72632162   8.51295199]
[154.9117325    8.60661277]
[155.12124796   8.68612952]
[155.35125533   8.75257201]
[155.54727363   8.83404976]
[155.71291058   8.92821246]
[155.86245409   9.01375626]
[155.99751191   9.09154743]
[156.26820183   9.14878146]
[156.60120605   9.23200904]
[156.97718854   9.33433228]
[157.26556991   9.38683223]
[157.47497348   9.39781278]
[157.7367064    9.39870607]
[158.04256508   9.39119895]
[158.24167455   9.41685789]
[158.35178105   9.46858368]
[158.56340426   9.48399658]
[158.86012165   9.47010029]
[159.1322054    9.47529628]
[159.38180854   9.49673677]
[159.64386721   9.51932882]
[159.9161558    9.54254295]
[160.15697065   9.57901658]
[160.36941829   9.62681753]
[160.53557648   9.64477933]
[160.67430502   9.65009184]
[161.18662243   9.66813148]
[161.73078175   9.71073328]
[162.29443429   9.7728297 ]
[162.75181434   9.79210623]
[163.11356888   9.77551481]
[163.48593061   9.76747313]
[163.86752417   9.76602996]
[164.14466275   9.78663937]
[164.33263144   9.8249257 ]
[164.59318793   9.83683893]
[164.91457482   9.82761297]
[165.19029239   9.81466661]
[165.42576681   9.79878591]
[165.66041005   9.78756247]
[165.8940261    9.78032358]
[166.1039364    9.79879351]
[166.29162944   9.83957932]
[166.46313125   9.87764237]
[166.61994977   9.91316233]
[167.15804648   9.79309525]
[167.71940812   9.70771842]
[168.2954421    9.65199352]
[168.76504821   9.56912483]
[169.13904377   9.46400241]
[169.52966743   9.37551951]
[169.93357369   9.30203274]
[170.31968148   9.19985404]
[170.67576772   9.08707635]
[170.9962775    9.00183149]
[171.28651464   8.93954534]
[171.55516272   8.88334883]
[171.8042122    8.83273843]
[172.04769882   8.78949562]
[172.28604459   8.75277657]
[172.51481217   8.72758201]
[172.73436602   8.71249996]
[172.93217298   8.69865314]
[173.11031529   8.68588592]
[173.48618198   8.67857716]
[173.90026997   8.69399679]
[174.3447233    8.72905465]
[174.69269425   8.72981838]
[174.95413916   8.7014758 ]
[175.23472077   8.68316089]
[175.53250905   8.67403703]
[175.80249526   8.65125442]
[176.04696304   8.61762802]
[176.27392808   8.60291343]
[176.48548954   8.60479614]
[176.6840717    8.60429748]
[176.87079468   8.60177301]
[177.04829329   8.60414169]
[177.21646855   8.61032586]
[177.23854371   8.73823495]
[177.19475239   8.91082404]
[177.13245333   9.08728347]
[177.06033084   9.25878986]
[176.86841303   9.46060778]
[176.61029782   9.67121186]
[176.39869143   9.83602861]
[176.21654205   9.97535316]
[177.29176809   9.29455931]
[178.71461218   8.70761129]
[180.20617379   8.28199993]
[181.33251839   7.73984768]
[182.29109344   7.19148885]
[183.30586755   6.55499406]
[184.31842402   5.91729097]
[185.32436324   5.13755011]
[186.26923637   4.38263366]
[187.14271907   3.78979531]
[187.94383862   3.29741628]
[188.79278897   2.87328015]
[189.63345337   2.47338197]
[190.30471713   2.1388426 ]
[190.82765108   1.84377326]
[191.26396692   1.57446615]
[191.65110459   1.32201061]
[191.96109114   1.13122872]
[192.21778884   0.98058514]
[192.26330776   0.91685684]
[192.31562942   0.84290524]
[192.36822522   0.80720685]
[192.40829015   0.79334055]
[192.63812993   0.74596815]
[192.96038235   0.69232786]
[192.71921894   0.42678249]
[192.47540458   0.21421413]
[1.92306541e+02 2.19568114e-02]
[192.248848     0.24499324]
[192.26124126   0.47274088]
[192.29359232   0.68117244]
[192.34190109   0.87521459]
[192.46310909   1.09664417]
[192.64526221   1.32908499]
[192.80529636   1.53189591]
[192.95076465   1.71420398]
[193.2428908    1.79282864]
[193.59932885   1.81527247]
[193.92755391   1.89412641]
[194.22361553   2.00411689]
[194.50141213   2.10052046]
[194.76198483   2.18482097]
[195.00506409   2.26522135]
[195.23166707   2.34166668]
[195.43323406   2.50810683]
[195.66783992   2.70518893]
[195.89946334   2.84731833]
[196.11573335   2.95724841]
[196.28258809   3.02789185]
[196.41932618   3.07757267]
[197.84265563   3.28464589]
[199.22661151   3.53566176]
[200.03306365   3.40522172]
[201.32035265   3.18440515]
[202.41334527   2.96086977]
[203.37282856   2.75333671]
[204.2845425    2.57249179]
[205.08898153   2.4041955 ]
[205.7769278    2.25712424]
[206.39146485   2.12293701]
[206.96493094   1.97711671]
[207.34684836   1.90787281]
[207.60632064   1.87652781]
[207.82454976   1.8577012 ]
[208.00408937   1.85131956]
[208.0117541    1.96004191]
[207.92054441   2.13205148]
[208.10914263   2.25732336]
[208.08145748   2.51771929]
[208.33158792   2.57470092]
[208.68874872   2.53529961]
[209.00823946   2.5048421 ]
[209.29126016   2.48689758]
[209.39549961   2.56520651]
[209.50634341   2.66179765]
[209.55134552   2.82540725]
[209.57805403   3.00873025]
[209.5827027    2.99769327]
[209.6865156    2.90846904]
[209.77602225   2.83044361]
[209.85024601   2.76176873]
[209.82809234   2.56002205]
[209.77536212   2.32117821]
[211.87704926   2.40754651]
[213.56188726   2.76613672]
[214.951011     3.20831897]
[216.70730064   3.40779951]
[218.59213238   3.60687961]
[220.10458145   3.52362532]
[221.75288913   3.66694803]
[222.90747401   3.58933308]
[223.79939438   3.48530345]
[224.7064834    3.13984172]
[225.66180102   2.68228281]
[226.56845168   2.25311763]
[227.41434551   1.86853949]
[228.3476439    1.43985585]
[229.16670349   0.97234546]
[229.83590445   0.5905905 ]
[230.39619533   0.27149705]
[2.30951104e+02 3.72722880e-02]
[231.40623839   0.31983862]
[231.73753435   0.72412772]
[231.89689807   1.15922916]
[232.21033917   1.58420592]
[232.61767031   1.9881125 ]
[232.86186188   2.24811138]
[233.00996432   2.41534296]
[233.01975911   2.47654593]
[232.96965491   2.5008447 ]
[232.88520809   2.46599026]
[232.77347527   2.38666427]
[232.63675971   2.30169418]
[232.4761939    2.21078822]
[232.1682215    1.91180139]
[231.87256297   1.5596354 ]
[231.38054251   1.42351506]
[230.81865093   1.37736277]
[2.25252585e+02 1.40933412e-01]
[220.55144397   1.40899554]
[216.4172842    2.97934089]
[212.75960845   4.4383328 ]
[209.57116487   5.83834053]
[207.05601574   7.13409659]
[205.10119743   8.34810617]
[203.3913563    9.47638668]
[201.91888412  10.53388829]
[200.71179169  11.57493559]
[199.69686853  12.61120661]
[198.78903542  13.61275087]
[197.98907165  14.56564232]
[197.18806653  15.36157851]
[196.42325818  16.04527104]
[195.80762979  16.76059563]
[195.34340671  17.46453776]
[194.84559152  18.03398644]
[194.33825822  18.50242794]
[193.88888044  18.99197801]
[193.50938332  19.48797191]
[193.12450406  19.95245828]
[192.75177437  20.37521048]
[192.43461316  20.83694522]
[192.50893169  21.2186733 ]
[193.11139649  21.70732424]
[194.41854528  22.06457549]
[196.0178855   22.29358973]
[197.47936277  22.49774152]
[198.84173537  22.67557516]
[200.02403195  22.86391775]
[201.03003856  23.0770581 ]
[202.02894464  23.27942781]
[202.97418982  23.46973889]
[204.35921285  23.58546578]
[204.91714352  23.76622793]
[205.31596737  24.10048524]
[205.52102353  24.5114652 ]
[205.96712597  24.68084134]
[206.58165225  24.71256057]
[206.99621643  24.84170725]
[207.28794984  25.02343474]
[207.9110546   25.08546096]
[208.73604736  25.04273326]
[209.32893551  25.19253359]
[209.72932745  25.46730463]
[210.30287005  25.60461748]
[210.96536603  25.65313029]
[211.56489363  25.73086942]
[212.10724585  25.83277566]
[212.8125361   25.82239492]
[213.61428432  25.73245001]
[213.90612164  26.22388969]
[214.17877823  26.62618744]
[214.40735716  27.0370367 ]
[214.55363483  27.41322321]
[214.58995962  27.74559536]
[214.22489212  28.09402012]
[213.73823392  28.41734579]
[213.33154409  28.68300212]
[212.97030452  28.91714499]
[212.61747208  29.04359893]
[212.29774696  29.10818249]
[211.74316938  29.30149611]
[211.08755251  29.53895007]
[210.48930336  29.73351666]
[209.9415266   29.88892766]
[209.39172052  30.106881  ]
[208.85960821  30.35895993]
[208.36602752  30.57446171]
[207.90794328  30.75785872]
[207.50438408  30.93117618]
[207.15466023  31.09943393]
[206.78647036  31.28051657]
[206.41799822  31.45798996]
[206.30399957  31.55325079]
[206.32042887  31.60849112]
[206.22477808  31.67841244]
[206.04300013  31.75789265]
[204.15091429  31.85824551]
[203.0145974   31.75060827]
[202.29971657  31.52750531]
[201.62589143  31.29386829]
[200.9991884   31.06565934]
[200.49661561  30.87488232]
[200.06176572  30.70251011]
[199.81908257  30.57540707]
[199.71166089  30.46662126]
[199.64883928  30.35809487]
[199.62440063  30.25028399]
[199.59064438  30.14077915]
[199.54921078  30.03144631]
[199.50556342  29.91720763]
[199.46083395  29.80103532]
[199.438461    29.68900342]
[199.43217578  29.57885633]
[199.42629201  29.47905633]
[199.42079018  29.38857967]
[199.4325684   29.31749752]
[199.45936923  29.26343338]
[199.5370531   29.18805797]
[200.00619567  29.15655873]
[200.8980347   28.89509078]
[201.59525825  28.64041225]
[202.33029666  28.26179469]
[202.96966187  27.8837713 ]
[203.58667507  27.4908728 ]
[204.18181973  27.17784679]
[204.70225119  26.8836368 ]
[205.24249688  26.42624679]
[205.78064796  25.89329598]
[206.2861762   25.40708697]
[206.99891031  24.91270824]
[206.73772907  25.0248398 ]
[206.29868961  25.20816007]
[205.87184559  25.41931347]
[205.49450576  25.64481693]
[205.24154429  25.81681549]
[205.06539568  25.95956689]
[204.90676578  26.08839129]
[204.80935787  26.20100093]
[204.76615077  26.2708308 ]
[204.77591587  26.3171856 ]
[203.72555209  26.42072834]
[202.69430062  26.51411152]
[201.71107081  26.59801177]
[200.80310987  26.67498484]
[199.97187785  26.74035968]
[199.22866623  26.79824715]
[198.56018742  26.84965163]
[198.01152473  26.87924754]
[197.5585847   26.89349587]
[197.14261494  26.88604278]
[196.75666192  26.85392033]
[196.49600583  26.78568478]
[196.33043407  26.70342345]
[196.22031159  26.61632782]
[196.15907875  26.52586741]
[196.44929443  26.4924266 ]
[196.78233035  26.445461  ]
[197.05664676  26.36531727]
[197.2499001   26.29080886]
[197.35390596  26.26094703]
[197.38584227  26.25117131]
[197.41472104  26.62478401]
[197.56418172  26.94739763]
[197.79196251  27.23065156]
[197.97691203  27.48180256]
[198.12725838  27.70338962]
[198.25886105  27.90680137]
[198.37466336  28.09265414]
[198.53323104  28.22991326]
[198.72733887  28.32718948]
[198.90859658  28.42040213]
[199.08110023  28.51243585]
[199.27954901  28.58216551]
[199.49342109  28.63955624]
[199.59947479  28.70686245]
[199.61416041  28.78318861]
[199.68650271  28.83133676]
[199.80542759  28.8600308 ]
[199.86830727  28.91718202]
[199.88071462  28.99995064]
[199.78452825  29.11511311]
[199.6174239   29.24143572]
[200.19940561  29.28445189]
[200.53979376  29.34384538]
[200.69153277  29.40331845]
[200.79728413  29.43450495]
[200.85848108  29.43981039]
[200.92308773  29.46094073]
[200.99228102  29.49918968]
[200.86139847  29.6037887 ]
[200.63097282  29.70127498]
[200.81555176  29.80294698]
[201.24619257  29.86643084]
[201.70470432  29.91320803]
[202.17364315  29.95757737]
[202.59464083  29.98086181]
[203.24796609  29.92738713]
[203.7518436  30.0235498]
[204.18815026  30.18225219]
[204.58670141  30.29751848]
[204.96720008  30.35001318]
[205.26276446  30.43441026]
[205.49519384  30.53450141]
[205.70267184  30.62220785]
[205.88750992  30.69859979]
[202.98203743  30.75272766]
[200.28024155  30.78632688]
[197.77310466  30.8085348 ]
[195.50335692  30.80854311]
[193.44451828  30.7921563 ]
[191.66363039  30.78716365]
[190.11434322  30.7905053 ]
[188.69434246  30.80845222]
[187.39581535  30.83622609]
[186.28189859  30.85830436]
[185.33489097  30.87517149]
[184.47712226  30.89024992]
[183.69994399  30.90375975]
[182.99746732  30.91774488]
[182.36158443  30.93279538]
[181.75898998  30.91617621]
[181.20187261  30.88653552]
[180.72842954  30.83093251]
[180.31465227  30.76768689]
[179.94186527  30.7110622 ]
[179.6060018   30.66039074]
[179.30398897  30.61462598]
[179.0324638   30.57328483]
[177.83459002  30.6223407 ]
[176.726826    30.68138258]
[175.69254104  30.75319441]
[174.93132901  30.78551952]
[174.37228576  30.78048225]
[173.980908    30.73942582]
[173.73562886  30.6652149 ]
[173.53460189  30.58168711]
[173.3738534   30.48954633]
[173.3411078   30.39311683]
[173.41969734  30.29310203]
[173.49200292  30.20227254]
[173.55903988  30.11960371]
[173.60730134  30.05953053]
[173.63955531  30.01914749]
[173.66931209  29.98233257]
[173.6968098   29.94873179]
[173.72157187  29.918082  ]
[173.743874    29.89008997]
[173.76373949  29.86463833]
[173.78141922  29.84146736]
[174.07003859  29.78495344]
[174.2272696   29.78418736]
[174.27596321  29.8298542 ]
[174.32693893  29.86796759]
[174.38368196  29.89789486]
[174.51312307  29.89234233]
[174.69845648  29.85769261]
[174.88821241  29.81292185]
[175.08505982  29.76009211]
[175.33061591  29.70243669]
[175.63468248  29.64280792]
[175.90805233  29.58889514]
[176.15357405  29.5401853 ]
[176.3652013   29.50480562]
[176.54663428  29.4811741 ]
[176.71113623  29.45928548]
[176.86039996  29.43896249]
[176.99518975  29.42025035]
[177.1169473  29.4029937]
[177.2267584  29.3873428]
[177.32581325  29.37313712]
[177.81775594  29.33944198]
[178.67178218  29.17926016]
[179.63117426  28.98784402]
[180.43840489  28.80749191]
[181.11106859  28.63878996]
[181.74337088  28.47473554]
[182.33747201  28.31561451]
[182.86940442  28.17462571]
[183.34470086  28.05049817]
[183.82416514  27.93538044]
[184.3049906   27.82869745]
[184.7309753   27.73390938]
[185.10746543  27.6497436 ]
[185.4402984   27.57830429]
[185.73397885  27.51819359]
[185.99817018  27.46474154]
[186.23580284  27.41729921]
[186.44961868  27.37421272]
[186.64199414  27.33505054]
[186.13908468  27.34840031]
[185.6118986  27.3836907]
[185.08374292  27.4320421 ]
[184.53159608  27.47545097]
[183.96711828  27.51533225]
[183.48410341  27.53963258]
[183.07630207  27.54913834]
[182.70274463  27.56259612]
[182.36023294  27.57945017]
[182.10421736  27.5922565 ]
[181.9254119   27.60158074]
[181.75856736  27.61146609]
[181.60269092  27.62179403]
[181.45386288  27.63630767]
[181.31143502  27.65448617]
[181.18313718  27.67132898]
[181.06756986  27.68696986]
[180.9631374   27.70068037]
[180.86873228  27.71265464]
[180.34074203  27.79631078]
[180.02539519  27.81775783]
[179.88887292  27.78950887]
[179.72812638  27.76369313]
[179.54878427  27.74029514]
[179.4435841   27.69765153]
[179.40586814  27.63778986]
[179.36793857  27.58683737]
[179.33009167  27.54369   ]
[179.35846571  27.50350737]
[179.44488096  27.46626556]
[179.52318375  27.4323462 ]
[179.59442292  27.40134736]
[179.64788983  27.37868008]
[179.6959114   27.35853982]
[179.73990048  27.33972957]
[179.78025734  27.3221264 ]
[179.81673778  27.30583721]
[179.84972762  27.29073111]
[179.87934729  27.27682219]
[179.90593624  27.26398822]
[180.2102674   27.23341388]
[180.5758117   27.17449869]
[180.98764108  27.0934427 ]
[181.33345225  27.02035076]
[181.61715252  26.95453872]
[181.92432128  26.87919409]
[182.24979345  26.79599265]
[182.5323616   26.72710252]
[182.77564912  26.67148053]
[183.03218744  26.62012546]
[183.29892873  26.57351908]
[183.53643265  26.53340191]
[183.74470377  26.500373  ]
[183.91536553  26.48183405]
[184.0524388   26.47613378]
[184.17587901  26.47144313]
[184.2870456   26.46766718]
[184.38694095  26.46384097]
[184.47669228  26.45997135]
[184.12660188  26.53181102]
[183.88625786  26.57131456]
[183.74894931  26.5804588 ]
[183.58461563  26.58912457]
[183.39861583  26.59756631]
[183.2681758   26.59390599]
[183.18775449  26.57956392]
[183.09666152  26.57831649]
[182.99647926  26.58849945]
[182.94422827  26.60741797]
[182.93443107  26.63387359]
[182.92526528  26.65801353]
[182.91673059  26.67998825]
[182.9088881   26.70015692]
[182.90166426  26.71869653]
[182.89465056  26.73574894]
[182.88783036  26.75146097]
[182.88040281  26.76559259]
[182.8724356   26.77830027]
[182.65259313  26.83571463]
[182.51315013  26.86712452]
[182.44308671  26.87617646]
[182.36350094  26.88463109]
[182.27716982  26.89250043]
[182.26501068  26.88043243]
[182.31845657  26.85098355]
[182.35549632  26.83220818]
[182.37805642  26.82282527]
[182.32869556  26.7035676 ]
[182.27050965  26.54215628]
[182.22294495  26.39390472]
[182.18509438  26.25736832]
[182.14099712  26.14099407]
[182.09142733  26.04253244]
[182.0464843   25.95405032]
[182.00571497  25.87455169]
[181.96757422  25.80297877]
[181.93180384  25.73854267]
[181.80729149  25.72231739]
[181.6878803   25.71016686]
[181.57556153  25.7008    ]
[181.47781057  25.69265702]
[181.39401419  25.68576449]
[181.40376984  25.66025989]
[181.49461111  25.61915954]
[181.5721869   25.58449246]
[181.63871708  25.55498669]
[181.74134274  25.53021775]
[181.87562968  25.50964829]
[182.00031575  25.48579662]
[182.1162115  25.4589717]
[182.21597382  25.44039358]
[182.30112757  25.42930589]
[182.37045103  25.42646177]
[182.4256061  25.4309583]
[182.49880752  25.41101203]
[182.57250075  25.38482001]
[182.6314193   25.36732375]
[182.67713146  25.35757431]
[182.95587706  25.40074569]
[183.10980588  25.46982166]
[183.15648385  25.56085626]
[183.19664775  25.64483116]
[183.24091842  25.71248183]
[183.45252971  25.67482449]
[183.79636253  25.56290821]
[184.08726998  25.474129  ]
[184.32882228  25.40717494]
[184.55488821  25.36925383]
[184.76608564  25.35658986]
[184.95714014  25.34435173]
[185.13000512  25.33255713]
[185.28367111  25.32343784]
[185.42004575  25.31673743]
[185.54299482  25.31097777]
[185.65388769  25.30603668]
[186.00087991  25.1733625 ]
[186.34518182  25.04359158]
[186.69879043  24.91270161]
[186.97188989  24.79720944]
[187.17026974  24.69611322]
[187.37395933  24.59929964]
[187.58035354  24.50680982]
[187.73109023  24.43257369]
[187.83300863  24.37297448]
[187.93816819  24.31732493]
[188.05755691  24.2645366 ]
[188.16538264  24.21709938]
[188.26279636  24.1744998 ]
[188.3504844   24.13599853]
[188.42942417  24.10117975]
[188.49243801  24.07776862]
[188.54132564  24.06442681]
[189.09478276  23.81712692]
[189.68232991  23.56990746]
[190.28939047  23.32592088]
[190.95120158  22.99556776]
[191.64121884  22.61618761]
[192.34183114  22.23704241]
[193.04580722  21.8607143 ]
[193.66941314  21.50277405]
[194.22914468  21.15370459]
[194.77402054  20.81309277]
[195.30199293  20.47920712]
[195.77212977  20.17619407]
[196.19024615  19.90101883]
[196.56924349  19.65437008]
[196.91294362  19.43336321]
[197.19504856  19.19204917]
[197.43750123  18.9487448 ]
[198.36890698  18.82187073]
[198.98098445  18.76760462]
[199.34051657  18.76901997]
[199.82037984  18.65184158]
[200.38851102  18.44622407]
[200.88068275  18.27042941]
[201.30266245  18.1225789 ]
[201.77031332  17.91699925]
[202.25286915  17.68959414]
[202.69070533  17.48328697]
[203.08666917  17.29676914]
[203.45614105  17.1253265 ]
[203.79887542  16.9701569 ]
[204.10747752  16.83034505]
[204.38163668  16.70758806]
[204.73321974  16.505928  ]
[205.13733128  16.25112265]
[205.59703944  16.10546318]
[205.89399037  16.00797068]
[206.05737781  15.95021879]
[206.31287917  15.80601438]
[206.64096758  15.59327082]
[206.9079262  15.4082927]
[207.11958979  15.24841066]
[207.38572701  15.12872763]
[207.66862268  15.05799502]
[207.88101988  15.02011548]
[208.04548171  14.99526039]
[208.13249534  14.97122551]
[208.1868795   14.94634682]
[208.25368493  14.91450986]
[208.31365909  14.8855096 ]
[208.35220008  14.8747439 ]
[208.41724628  14.83711247]
[209.90752109  14.50212634]
[210.9383583   14.29590855]
[211.5851078   14.19682285]
[212.32566103  13.97829896]
[213.12565396  13.67366626]
[213.81904792  13.40549833]
[214.4175413   13.16956437]
[214.95681897  12.96650358]
[215.44159135  12.79522386]
[215.89630018  12.63896412]
[216.3237238   12.49624701]
[216.67399683  12.40262395]
[216.95937461  12.34861015]
[217.22860584  12.28532536]
[217.48316001  12.2137493 ]
[217.77812376  12.07020539]
[218.0895969   11.88195266]
[220.04924004  11.78004584]
[221.21133525  11.88081936]
[221.79762392  12.1211728 ]
[222.11529805  12.5854567 ]
[222.3008224   13.14284829]
[222.44495251  13.65518677]
[222.55622029  14.12552145]
[222.63644243  14.5620594 ]
[222.68700674  14.97491682]
[222.73319414  15.34638599]
[222.77594697  15.68033717]
[222.70090887  16.08936637]
[222.57921468  16.50836317]
[222.4001684   16.95256787]
[222.21749046  17.37246021]
[222.10223954  17.70156796]
[222.02302828  17.97494963]
[221.94767206  18.22739492]
[221.87599949  18.46066308]
[218.69595073  19.02192951]
[215.67341961  19.58587915]
[212.83963343  20.13463051]
[210.21767527  20.73967032]
[207.85006196  21.32714491]
[205.70824144  21.86047755]
[203.76887694  22.34566461]
[202.05545257  22.77454431]
[200.54931606  23.14730558]
[199.18802168  23.48757413]
[197.95643921  23.79915314]
[196.87514134  24.0741107 ]
[195.93098919  24.31756379]
[195.31729028  24.84076961]
[194.88954191  25.4781295 ]
[194.43270878  25.96769358]
[193.97248137  26.3680996 ]
[193.52917946  26.71776116]
[193.10553435  27.02768463]
[192.58870631  27.1218396 ]
[192.08300013  27.1197506 ]
[191.77711332  27.25157603]
[191.58144786  27.43478712]
[191.37301812  27.52050293]
[191.18885583  27.55630496]
[191.14977319  27.70020244]
[191.16739899  27.86913428]
[191.47832683  28.14105322]
[191.83246913  28.4555577 ]
[191.96756084  29.40439704]
[192.10158666  30.25102173]
[192.23391625  31.00596798]
[192.37340303  31.7077787 ]
[192.52022028  32.3613814 ]
[192.66839684  32.94662745]
[192.80512885  33.47213662]
[192.79384396  34.09568194]
[192.71449543  34.7398545 ]
[192.63333717  35.3321428 ]
[192.55535063  35.87208507]
[192.57090193  36.27082371]
[192.64744617  36.56657449]
[192.72026492  36.8475543 ]
[192.84184715  37.07761001]
[192.88952857  37.42029025]
[192.94455162  37.76738022]
[192.99685163  38.08376607]
[193.04475949  38.36947961]
[193.05913346  38.54897878]
[193.05569281  38.66626482]
[193.03022769  38.74559167]
[193.00187277  38.80612268]
[192.54746948  38.89223171]
[192.07779786  38.94230453]
[194.50240595  38.86573633]
