[1.92745782 0.04613566]
[1.92745791 0.04613557]
[1.92745807 0.04613545]
[1.92745828 0.0461353 ]
[1.9274587  0.04613516]
[1.92745928 0.0461349 ]
[1.92745991 0.04613465]
[1.92746057 0.04613438]
[1.92746133 0.04613422]
[1.92746226 0.04613416]
[1.9274631 0.046134 ]
[1.92746381 0.04613387]
[1.92746455 0.04613385]
[1.92746533 0.04613391]
[1.92746608 0.04613402]
[1.92746676 0.04613412]
[1.92746718 0.04613435]
[1.92746742 0.04613461]
[1.92746761 0.04613488]
[1.92746774 0.04613505]
[1.92746788 0.04613522]
[1.92746796 0.04613538]
[1.92746818 0.04613564]
[1.92746846 0.0461359 ]
[1.92746877 0.04613625]
[1.92746907 0.04613659]
[1.92746933 0.04613692]
[1.92746956 0.04613724]
[1.92747255 0.04608302]
[1.92747526 0.04603418]
[1.92747771 0.04599015]
[1.92747997 0.04595049]
[1.92748208 0.04591478]
[1.92748422 0.04588257]
[1.92748634 0.04585352]
[1.92748836 0.04582733]
[1.92749031 0.04580374]
[1.92749229 0.04578265]
[1.92749425 0.04576369]
[1.92749603 0.04574651]
[1.92749766 0.04573103]
[1.92749915 0.04571724]
[1.92750061 0.04570494]
[1.92750194 0.0456939 ]
[1.92750319 0.04568394]
[1.92750416 0.04567507]
[1.92750488 0.04566719]
[1.92750549 0.04566011]
[1.92750599 0.04565367]
[1.92750646 0.0456479 ]
[1.9275069  0.04564276]
[1.92750742 0.04563823]
[1.92750797 0.04563423]
[1.92750851 0.04563063]
[1.92750897 0.04562745]
[1.92750944 0.04562461]
[1.92750988 0.04562207]
[1.92751298 0.04556534]
[1.92751593 0.0455143 ]
[1.92751856 0.04546828]
[1.92752098 0.0454268 ]
[1.92752318 0.04538947]
[1.92752547 0.04535581]
[1.92752773 0.04532541]
[1.92752992 0.04529806]
[1.92753202 0.04527341]
[1.92753405 0.04525138]
[1.92753606 0.04523153]
[1.9275379  0.04521361]
[1.92753947 0.04519741]
[1.92754102 0.04518292]
[1.92754249 0.04517004]
[1.92754395 0.04515847]
[1.92754524 0.04514804]
[1.92754623 0.04513878]
[1.92754699 0.04513056]
[1.92754758 0.04512313]
[1.92754813 0.04511644]
[1.92754862 0.04511039]
[1.92754903 0.04510499]
[1.92754952 0.04510023]
[1.92755006 0.045096  ]
[1.92755061 0.04509225]
[1.92755113 0.04508889]
[1.92755161 0.04508589]
[1.92755204 0.04508326]
[1.92755525 0.04502645]
[1.92755824 0.04497532]
[1.92756093 0.04492925]
[1.92756342 0.04488774]
[1.9275658  0.04485041]
[1.92756809 0.04481673]
[1.92757043 0.0447863 ]
[1.92757267 0.04475889]
[1.92757483 0.04473427]
[1.92757688 0.0447122 ]
[1.92757893 0.04469234]
[1.92758078 0.04467439]
[1.92758244 0.0446582 ]
[1.92758403 0.04464374]
[1.92758553 0.04463081]
[1.92758697 0.04461922]
[1.92758825 0.04460878]
[1.92758925 0.04459948]
[1.92759    0.04459123]
[1.9275906  0.04458378]
[1.92759114 0.04457706]
[1.92759161 0.044571  ]
[1.92759201 0.0445656 ]
[1.92759253 0.04456082]
[1.92759307 0.04455659]
[1.92759361 0.04455285]
[1.92759414 0.04454948]
[1.92759464 0.0445465 ]
[1.92759507 0.04454387]
[1.9275984  0.04448718]
[1.92760143 0.04443611]
[1.92760414 0.0443901 ]
[1.92760669 0.04434863]
[1.92760908 0.04431132]
[1.92761148 0.04427771]
[1.92761385 0.04424733]
[1.92761611 0.04421997]
[1.92761828 0.04419533]
[1.92762021 0.0441731 ]
[1.92762193 0.04415303]
[1.9276235  0.04413512]
[1.927625   0.04411914]
[1.92762637 0.04410461]
[1.92762766 0.04409139]
[1.92762882 0.04407956]
[1.92762989 0.04406913]
[1.92763081 0.04405968]
[1.92763164 0.04405114]
[1.92763247 0.04404336]
[1.92763329 0.04403637]
[1.92763397 0.04403008]
[1.92763453 0.04402436]
[1.92763509 0.04401919]
[1.92763551 0.04401454]
[1.92763591 0.0440104 ]
[1.92763622 0.04400668]
[1.92762995 0.04396387]
[1.92762429 0.04392527]
[1.92761928 0.04389053]
[1.92761482 0.04385923]
[1.92761077 0.04383099]
[1.92760735 0.04380554]
[1.92760457 0.04378255]
[1.92760212 0.04376183]
[1.92760006 0.04374322]
[1.92759829 0.04372649]
[1.92759704 0.04371141]
[1.92759593 0.04369781]
[1.92759485 0.04368554]
[1.92759396 0.04367459]
[1.92759333 0.04366492]
[1.92759274 0.04365619]
[1.9275922  0.04364829]
[1.92759152 0.04364142]
[1.92759084 0.04363529]
[1.92759018 0.0436297 ]
[1.9275895  0.04362466]
[1.92758894 0.04362015]
[1.92758836 0.0436161 ]
[1.92758794 0.04361256]
[1.92758774 0.04360948]
[1.92758758 0.04360666]
[1.92758746 0.04360414]
[1.9275874  0.04360196]
[1.92758725 0.0436    ]
[1.9275903  0.04354412]
[1.92759303 0.04349373]
[1.92759552 0.04344838]
[1.92759783 0.04340753]
[1.92760001 0.04337076]
[1.92760213 0.04333758]
[1.92760429 0.04330763]
[1.92760637 0.04328064]
[1.92760836 0.04325639]
[1.92761032 0.04323463]
[1.92761229 0.04321503]
[1.92761408 0.04319732]
[1.92761575 0.04318142]
[1.92761731 0.04316721]
[1.92761879 0.04315453]
[1.92762006 0.04314311]
[1.92762131 0.04313286]
[1.92762224 0.0431237 ]
[1.92762292 0.04311558]
[1.92762351 0.04310832]
[1.92762404 0.04310171]
[1.92762449 0.04309574]
[1.92762488 0.04309046]
[1.92762536 0.04308579]
[1.92762589 0.04308164]
[1.92762638 0.04307795]
[1.92762684 0.0430746 ]
[1.92762727 0.04307163]
[1.92762765 0.04306904]
[1.92763108 0.04301256]
[1.92763425 0.04296174]
[1.92763711 0.04291592]
[1.92763975 0.0428746 ]
[1.92764218 0.04283747]
[1.92764469 0.04280397]
[1.92764718 0.04277369]
[1.92764941 0.04274638]
[1.92765161 0.04272187]
[1.92765373 0.04269988]
[1.9276558  0.04268008]
[1.92765777 0.04266223]
[1.92765946 0.04264616]
[1.92766115 0.04263176]
[1.9276628  0.04261893]
[1.9276643  0.04260738]
[1.92766569 0.04259707]
[1.9276667 0.0425878]
[1.92766747 0.0425796 ]
[1.92766815 0.04257229]
[1.92766872 0.04256565]
[1.92766925 0.04255969]
[1.92766964 0.0425543 ]
[1.92767011 0.04254956]
[1.92767068 0.0425453 ]
[1.92767123 0.0425416 ]
[1.92767173 0.0425383 ]
[1.92767223 0.04253532]
[1.92767266 0.04253274]
[1.92767624 0.04247639]
[1.92767955 0.04242559]
[1.92768254 0.04237982]
[1.92768528 0.0423385 ]
[1.92768782 0.04230141]
[1.92769037 0.04226792]
[1.92769291 0.04223766]
[1.92769529 0.04221042]
[1.92769755 0.04218594]
[1.9276997  0.04216389]
[1.92770183 0.0421441 ]
[1.9277038  0.04212625]
[1.92770556 0.0421102 ]
[1.92770726 0.04209578]
[1.92770888 0.04208298]
[1.9277104  0.04207145]
[1.92771179 0.04206113]
[1.92771281 0.04205186]
[1.92771361 0.04204368]
[1.9277143  0.04203638]
[1.92771486 0.04202974]
[1.92771539 0.04202376]
[1.92771577 0.04201838]
[1.92771627 0.04201361]
[1.92771684 0.04200937]
[1.92771744 0.04200569]
[1.92771795 0.04200237]
[1.92771844 0.04199939]
[1.92771887 0.04199681]
[1.92772252 0.04194048]
[1.92772587 0.04188972]
[1.92772895 0.04184398]
[1.92773172 0.04180269]
[1.92773424 0.04176558]
[1.92773685 0.04173216]
[1.92773937 0.04170189]
[1.92774181 0.04167474]
[1.92774412 0.04165021]
[1.92774636 0.04162828]
[1.92774855 0.04160856]
[1.92775055 0.04159073]
[1.92775234 0.04157466]
[1.92775403 0.04156025]
[1.92775566 0.04154741]
[1.9277572  0.04153591]
[1.92775862 0.04152561]
[1.9277598 0.0415163]
[1.92776086 0.04150791]
[1.9277618  0.04150045]
[1.92776257 0.0414939 ]
[1.92776323 0.04148795]
[1.92776383 0.0414826 ]
[1.92776433 0.04147753]
[1.92776484 0.04147289]
[1.92776525 0.04146868]
[1.92776562 0.0414648 ]
[1.9277734  0.04145771]
[1.92778048 0.04145135]
[1.92778687 0.04144552]
[1.92779269 0.0414403 ]
[1.92779798 0.04143554]
[1.92780287 0.04143118]
[1.92780758 0.04142722]
[1.92781192 0.04142362]
[1.9278159  0.04142037]
[1.92781971 0.04141753]
[1.9278234  0.04141501]
[1.92782666 0.04141261]
[1.92782959 0.04141044]
[1.92783233 0.04140858]
[1.92783483 0.04140699]
[1.92783725 0.04140562]
[1.92783941 0.04140431]
[1.9278412  0.04140329]
[1.92784258 0.04140248]
[1.92784379 0.04140185]
[1.92784487 0.04140118]
[1.92784577 0.04140068]
[1.92784659 0.04140017]
[1.92784745 0.04139982]
[1.92784837 0.04139957]
[1.92784924 0.04139934]
[1.92785006 0.04139922]
[1.9278508  0.04139914]
[1.92785144 0.04139905]
[1.92785543 0.04134516]
[1.92785908 0.04129658]
[1.92786238 0.04125282]
[1.92786544 0.04121346]
[1.92786824 0.04117804]
[1.92787094 0.04114608]
[1.92787368 0.04111717]
[1.92787622 0.04109113]
[1.92787866 0.04106761]
[1.92788103 0.04104658]
[1.92788336 0.04102774]
[1.92788544 0.04101075]
[1.92788732 0.04099533]
[1.92788914 0.04098155]
[1.92789089 0.04096921]
[1.92789248 0.0409582 ]
[1.92789395 0.04094829]
[1.92789504 0.04093947]
[1.92789587 0.04093171]
[1.92789662 0.04092475]
[1.92789726 0.04091847]
[1.92789777 0.04091277]
[1.92789826 0.04090774]
[1.92789876 0.04090321]
[1.92789935 0.04089918]
[1.92789991 0.04089567]
[1.92790043 0.04089248]
[1.9279009  0.04088967]
[1.92790136 0.04088715]
[1.92790522 0.04083116]
[1.92790879 0.04078075]
[1.92791205 0.04073525]
[1.92791501 0.04069431]
[1.92791775 0.04065739]
[1.92792044 0.04062413]
[1.92792305 0.04059407]
[1.92792561 0.04056704]
[1.92792797 0.04054268]
[1.92793029 0.04052091]
[1.92793258 0.04050125]
[1.92793467 0.04048354]
[1.92793652 0.04046756]
[1.92793829 0.04045323]
[1.92793995 0.04044046]
[1.92794155 0.04042904]
[1.92794301 0.04041876]
[1.92794408 0.04040956]
[1.92794494 0.04040145]
[1.92794565 0.04039413]
[1.92794626 0.04038754]
[1.92794674 0.04038161]
[1.92794723 0.04037635]
[1.92794771 0.04037163]
[1.9279483 0.0403674]
[1.92794887 0.04036374]
[1.92794939 0.04036045]
[1.92794988 0.04035746]
[1.92795031 0.0403549 ]
[1.92795423 0.04029888]
[1.92795784 0.04024844]
[1.92796107 0.04020298]
[1.92796406 0.04016198]
[1.92796677 0.04012503]
[1.92796952 0.04009178]
[1.92797221 0.0400617 ]
[1.92797481 0.04003461]
[1.92797719 0.04001017]
[1.92797949 0.03998839]
[1.92798178 0.0399687 ]
[1.9279839  0.03995098]
[1.92798573 0.03993501]
[1.92798754 0.03992073]
[1.92798922 0.0399079 ]
[1.92799081 0.03989646]
[1.92799228 0.03988618]
[1.92799332 0.03987701]
[1.92799416 0.0398689 ]
[1.92799487 0.03986159]
[1.92799552 0.039855  ]
[1.92799606 0.03984907]
[1.92799656 0.03984384]
[1.92799709 0.03983917]
[1.92799773 0.03983499]
[1.92799831 0.03983133]
[1.92799888 0.03982804]
[1.92799937 0.03982506]
[1.92799979 0.0398225 ]
[1.92800374 0.03976647]
[1.92800738 0.039716  ]
[1.92801069 0.03967063]
[1.92801374 0.03962967]
[1.92801658 0.03959286]
[1.92801932 0.03955963]
[1.92802206 0.03952963]
[1.92802467 0.03950254]
[1.92802709 0.03947819]
[1.92802944 0.03945645]
[1.92803178 0.03943682]
[1.92803391 0.03941911]
[1.92803573 0.03940316]
[1.92803757 0.03938895]
[1.92803928 0.03937619]
[1.92804088 0.03936474]
[1.92804234 0.03935445]
[1.92804343 0.03934534]
[1.92804426 0.03933722]
[1.92804497 0.03932992]
[1.92804561 0.03932334]
[1.92804618 0.03931744]
[1.92804668 0.03931219]
[1.92804726 0.03930756]
[1.92804791 0.0393034 ]
[1.92804849 0.03929975]
[1.92804906 0.03929645]
[1.92804954 0.03929348]
[1.92804995 0.03929093]
[1.92805405 0.03923504]
[1.92805779 0.03918472]
[1.92806117 0.03913938]
[1.9280643  0.03909849]
[1.92806716 0.03906174]
[1.92806995 0.03902853]
[1.92807267 0.03899855]
[1.92807525 0.03897149]
[1.92807768 0.03894714]
[1.92808004 0.03892542]
[1.92808246 0.03890587]
[1.9280846  0.03888817]
[1.92808643 0.03887224]
[1.92808822 0.03885805]
[1.92808994 0.03884531]
[1.92809154 0.03883384]
[1.92809302 0.03882358]
[1.92809414 0.0388145 ]
[1.92809497 0.03880638]
[1.92809569 0.03879911]
[1.92809632 0.03879253]
[1.9280969  0.03878662]
[1.9280974  0.03878139]
[1.92809798 0.03877676]
[1.92809862 0.0387726 ]
[1.92809919 0.03876895]
[1.92809975 0.03876567]
[1.92810024 0.03876273]
[1.92810065 0.03876018]
[1.92810484 0.03870437]
[1.92810863 0.03865412]
[1.92811206 0.03860885]
[1.92811523 0.03856805]
[1.92811816 0.03853133]
[1.92812105 0.03849817]
[1.92812382 0.03846822]
[1.92812645 0.03844126]
[1.92812896 0.03841698]
[1.92813127 0.03839521]
[1.92813331 0.03837554]
[1.92813484 0.0383576 ]
[1.92813598 0.03834111]
[1.92813696 0.03832624]
[1.92813769 0.03831267]
[1.92813847 0.03830056]
[1.92813908 0.0382897 ]
[1.92813971 0.03827993]
[1.92814015 0.03827107]
[1.92814039 0.03826283]
[1.92814042 0.038255  ]
[1.92814049 0.03824794]
[1.92814053 0.03824148]
[1.92814059 0.03823565]
[1.92814067 0.03823036]
[1.92814063 0.03822549]
[1.92814058 0.03822102]
[1.9281405  0.03821701]
[1.92814036 0.03821337]
[1.92814014 0.03821028]
[1.92813976 0.03820773]
[1.92813947 0.03820534]
[1.9281392  0.03820317]
[1.9281388 0.0382014]
[1.92813835 0.03819986]
[1.9281668  0.03819242]
[1.92819246 0.03818565]
[1.92821562 0.03817957]
[1.9282365  0.03817399]
[1.92825534 0.03816897]
[1.92827253 0.03816439]
[1.92828819 0.03816016]
[1.92830244 0.03815638]
[1.92831534 0.03815291]
[1.92832713 0.03814987]
[1.92833796 0.03814723]
[1.92834778 0.0381448 ]
[1.92835655 0.03814251]
[1.92836454 0.03814053]
[1.92837186 0.03813885]
[1.92837855 0.0381374 ]
[1.92838451 0.03813615]
[1.92838973 0.03813508]
[1.92839415 0.03813436]
[1.92839814 0.03813359]
[1.92840168 0.03813293]
[1.92840483 0.03813231]
[1.92840774 0.03813178]
[1.92841044 0.03813137]
[1.92841298 0.03813109]
[1.92841527 0.03813085]
[1.92841736 0.03813071]
[1.92841931 0.03813066]
[1.92842096 0.03813053]
[1.92842641 0.03807704]
[1.92843139 0.03802892]
[1.92843585 0.03798552]
[1.92843998 0.03794643]
[1.92844375 0.03791119]
[1.92844735 0.03787942]
[1.92845078 0.03785079]
[1.92845405 0.03782504]
[1.92845703 0.03780179]
[1.92846001 0.03778094]
[1.92846282 0.03776219]
[1.92846541 0.03774526]
[1.92846768 0.03772995]
[1.92846983 0.03771636]
[1.92847192 0.0377042 ]
[1.9284738 0.0376933]
[1.92847549 0.03768342]
[1.92847686 0.03767467]
[1.92847785 0.03766701]
[1.92847871 0.03766006]
[1.92847945 0.03765377]
[1.92848013 0.03764815]
[1.92848071 0.03764304]
[1.92848132 0.03763858]
[1.92848192 0.03763467]
[1.92848254 0.03763115]
[1.92848312 0.03762803]
[1.92848372 0.03762527]
[1.92848421 0.03762278]
[1.92848863 0.03756724]
[1.92849266 0.03751728]
[1.92849633 0.03747222]
[1.9284997  0.03743162]
[1.9285028  0.03739505]
[1.92850576 0.03736211]
[1.92850871 0.03733236]
[1.92851149 0.03730556]
[1.92851409 0.0372814 ]
[1.92851659 0.03725976]
[1.92851908 0.03724031]
[1.92852137 0.03722277]
[1.92852341 0.03720687]
[1.9285253  0.03719267]
[1.92852712 0.03717998]
[1.92852884 0.03716857]
[1.92853038 0.03715836]
[1.92853161 0.03714928]
[1.92853251 0.03714124]
[1.92853322 0.03713399]
[1.92853384 0.03712742]
[1.92853444 0.03712155]
[1.92853498 0.0371163 ]
[1.92853555 0.03711168]
[1.92853618 0.03710756]
[1.92853678 0.03710393]
[1.92853738 0.03710068]
[1.92853788 0.03709778]
[1.92853838 0.03709522]
[1.92854279 0.03703969]
[1.92854682 0.03698963]
[1.92855049 0.03694456]
[1.92855388 0.03690399]
[1.92855703 0.03686741]
[1.92856001 0.03683441]
[1.92856296 0.03680463]
[1.9285657  0.03677779]
[1.9285683 0.0367536]
[1.92857081 0.03673196]
[1.92857336 0.03671251]
[1.92857567 0.03669493]
[1.92857763 0.03667908]
[1.9285795  0.03666488]
[1.92858133 0.0366522 ]
[1.92858306 0.03664087]
[1.9285846  0.03663068]
[1.92858577 0.03662161]
[1.92858667 0.03661352]
[1.9285874  0.03660629]
[1.92858805 0.03659973]
[1.92858865 0.03659389]
[1.92858921 0.03658864]
[1.9285898  0.03658403]
[1.92859043 0.03657989]
[1.92859108 0.03657622]
[1.92859167 0.03657296]
[1.92859219 0.03657009]
[1.92859264 0.03656752]
[1.92859718 0.03651201]
[1.92860124 0.03646203]
[1.92860497 0.03641695]
[1.92860836 0.03637634]
[1.92861157 0.03633979]
[1.92861463 0.03630688]
[1.9286176  0.03627712]
[1.92862041 0.03625036]
[1.9286231  0.03622619]
[1.92862562 0.03620457]
[1.92862819 0.0361851 ]
[1.9286305  0.03616754]
[1.92863248 0.03615168]
[1.9286344  0.03613755]
[1.92863628 0.03612488]
[1.928638   0.03611357]
[1.92863955 0.0361034 ]
[1.92864071 0.03609432]
[1.92864163 0.03608625]
[1.92864237 0.03607902]
[1.92864301 0.03607248]
[1.9286436  0.03606665]
[1.92864416 0.03606139]
[1.92864477 0.03605681]
[1.92864538 0.0360527 ]
[1.92864602 0.03604902]
[1.9286466  0.03604576]
[1.92864712 0.03604289]
[1.92864759 0.03604028]
[1.92865218 0.03598484]
[1.92865629 0.03593493]
[1.92866013 0.03588995]
[1.92866357 0.03584943]
[1.92866682 0.03581297]
[1.92866994 0.03578012]
[1.92867294 0.03575034]
[1.92867573 0.03572357]
[1.92867847 0.03569942]
[1.928681   0.03567778]
[1.92868358 0.03565832]
[1.92868591 0.03564075]
[1.9286879  0.03562492]
[1.92868983 0.03561081]
[1.92869174 0.03559816]
[1.92869346 0.03558684]
[1.92869498 0.03557665]
[1.92869616 0.03556759]
[1.9286971  0.03555955]
[1.92869785 0.03555234]
[1.92869852 0.03554585]
[1.92869911 0.03554001]
[1.92869966 0.03553475]
[1.92870027 0.03553017]
[1.92870088 0.03552606]
[1.92870153 0.03552238]
[1.9287021  0.03551912]
[1.92870264 0.03551627]
[1.92870313 0.03551364]
[1.92870786 0.0354583 ]
[1.92871208 0.03540843]
[1.92871596 0.03536349]
[1.92871943 0.03532301]
[1.92872271 0.03528651]
[1.9287258  0.03525371]
[1.92872889 0.03522404]
[1.92873174 0.03519735]
[1.9287345  0.03517324]
[1.92873707 0.03515164]
[1.92873967 0.0351322 ]
[1.92874203 0.03511466]
[1.92874407 0.03509885]
[1.92874603 0.0350848 ]
[1.92874797 0.03507219]
[1.92874969 0.03506088]
[1.92875125 0.03505074]
[1.92875242 0.03504168]
[1.92875335 0.03503366]
[1.92875413 0.03502641]
[1.92875482 0.03501995]
[1.92875541 0.0350141 ]
[1.92875596 0.03500887]
[1.92875657 0.03500429]
[1.92875718 0.03500018]
[1.92875784 0.0349965 ]
[1.9287584  0.03499325]
[1.92875894 0.0349904 ]
[1.92875943 0.03498777]
[1.92876417 0.03493253]
[1.92876844 0.03488274]
[1.92877239 0.03483786]
[1.92877592 0.03479743]
[1.92877925 0.03476103]
[1.92878243 0.03472825]
[1.92878559 0.03469859]
[1.92878848 0.03467189]
[1.92879129 0.03464784]
[1.92879394 0.03462629]
[1.92879659 0.03460688]
[1.92879892 0.03458931]
[1.92880099 0.03457356]
[1.92880298 0.03455951]
[1.92880493 0.03454693]
[1.92880667 0.03453563]
[1.92880822 0.03452549]
[1.92880939 0.03451644]
[1.92881033 0.03450841]
[1.92881112 0.03450121]
[1.92881182 0.03449475]
[1.92881245 0.03448891]
[1.928813   0.03448368]
[1.92881364 0.03447914]
[1.92881425 0.03447504]
[1.92881491 0.03447137]
[1.92881549 0.03446815]
[1.92881603 0.03446532]
[1.92881652 0.03446269]
[1.9288213  0.03440753]
[1.9288257  0.03435782]
[1.92882969 0.034313  ]
[1.92883334 0.03427264]
[1.92883668 0.0342363 ]
[1.92883993 0.03420359]
[1.92884311 0.03417397]
[1.92884603 0.03414732]
[1.92884883 0.03412331]
[1.9288515  0.03410179]
[1.92885421 0.03408245]
[1.92885656 0.03406491]
[1.92885865 0.03404918]
[1.92886066 0.03403516]
[1.92886261 0.03402258]
[1.92886434 0.03401128]
[1.92886591 0.03400113]
[1.92886716 0.03399215]
[1.9288681  0.03398411]
[1.92886883 0.03397699]
[1.92886943 0.03397056]
[1.92887009 0.03396482]
[1.92887066 0.03395978]
[1.92887121 0.03395524]
[1.92887172 0.0339512 ]
[1.92887224 0.03394755]
[1.9288727  0.03394428]
[1.92887317 0.03394132]
[1.92887361 0.03393867]
[1.92887398 0.03393631]
[1.92887431 0.03393417]
[1.92887457 0.0339323 ]
[1.92887477 0.03393058]
[1.92887504 0.03392906]
[1.9288753  0.03392763]
[1.92887543 0.03392649]
[1.92887533 0.03392547]
[1.92887529 0.0339245 ]
[1.92887522 0.03392362]
[1.92890088 0.03391089]
[1.92892403 0.03389949]
[1.92894499 0.03388913]
[1.92896388 0.03387976]
[1.9289809  0.03387125]
[1.92899647 0.03386361]
[1.92901066 0.03385663]
[1.9290236  0.03385027]
[1.92903536 0.03384454]
[1.92904613 0.03383948]
[1.92905607 0.03383489]
[1.92906496 0.03383071]
[1.92907296 0.033827  ]
[1.92908027 0.03382372]
[1.92908703 0.03382092]
[1.92909306 0.03381846]
[1.92909847 0.03381622]
[1.92910319 0.03381434]
[1.92910728 0.03381273]
[1.92911092 0.03381126]
[1.92911415 0.03380998]
[1.92911706 0.03380882]
[1.92911963 0.03380775]
[1.929122   0.03380694]
[1.92912431 0.03380622]
[1.92912644 0.03380563]
[1.92912832 0.03380511]
[1.92913002 0.03380475]
[1.92913158 0.03380445]
[1.92913748 0.03375137]
[1.92914288 0.03370355]
[1.92914781 0.03366052]
[1.92915227 0.03362173]
[1.92915636 0.03358671]
[1.92916017 0.03355522]
[1.92916388 0.03352673]
[1.92916736 0.03350113]
[1.92917061 0.03347803]
[1.92917373 0.03345733]
[1.92917679 0.03343871]
[1.92917952 0.03342186]
[1.92918194 0.03340669]
[1.92918428 0.03339314]
[1.92918639 0.03338112]
[1.92918832 0.03337027]
[1.92919004 0.03336051]
[1.92919144 0.0333519 ]
[1.92919257 0.03334425]
[1.92919355 0.03333731]
[1.92919438 0.03333108]
[1.9291951  0.03332547]
[1.92919566 0.0333205 ]
[1.92919629 0.03331609]
[1.92919692 0.03331221]
[1.92919754 0.03330875]
[1.92919816 0.03330572]
[1.92919869 0.03330293]
[1.92919918 0.03330051]
[1.92920416 0.03324554]
[1.92920875 0.03319608]
[1.9292129  0.03315152]
[1.92921668 0.0331114 ]
[1.92922019 0.03307531]
[1.92922349 0.03304269]
[1.92922681 0.03301322]
[1.92922984 0.03298675]
[1.9292327  0.03296282]
[1.92923547 0.03294143]
[1.92923818 0.03292222]
[1.92924061 0.03290474]
[1.92924277 0.03288905]
[1.92924485 0.03287507]
[1.92924685 0.03286255]
[1.92924862 0.03285134]
[1.92925023 0.03284125]
[1.92925152 0.03283238]
[1.92925249 0.03282438]
[1.92925328 0.03281717]
[1.92925394 0.03281067]
[1.92925459 0.03280486]
[1.92925514 0.03279967]
[1.9292558  0.03279511]
[1.92925642 0.03279106]
[1.92925705 0.03278743]
[1.9292576  0.03278418]
[1.92925817 0.0327813 ]
[1.92925864 0.0327787 ]
[1.92926374 0.03272376]
[1.92926832 0.03267429]
[1.92927249 0.03262975]
[1.92927661 0.03258967]
[1.9292807  0.03255335]
[1.92928454 0.03252072]
[1.92928807 0.03249127]
[1.92929139 0.03246417]
[1.92929447 0.03243924]
[1.9292973  0.03241668]
[1.92929988 0.03239615]
[1.92930217 0.03237761]
[1.92930415 0.03236092]
[1.92930601 0.03234592]
[1.92930774 0.03233234]
[1.92930923 0.03232002]
[1.92931056 0.03230893]
[1.9293118  0.03229897]
[1.9293129  0.03229006]
[1.92931391 0.03228197]
[1.9293148  0.03227471]
[1.92931568 0.0322683 ]
[1.9293165  0.03226259]
[1.92931727 0.03225752]
[1.92931794 0.03225294]
[1.92931854 0.0322489 ]
[1.92931906 0.03224524]
[1.92931961 0.03224191]
[1.9293201  0.03223894]
[1.9293205  0.03223613]
[1.9293208  0.03223359]
[1.92932098 0.0322313 ]
[1.92932104 0.0322292 ]
[1.92932095 0.03222723]
[1.92932078 0.03222528]
[1.9293206  0.03222329]
[1.92932045 0.03222111]
[1.92932015 0.03221906]
[1.92931974 0.03221725]
[1.92932126 0.03220187]
[1.92932276 0.03218796]
[1.9293241  0.03217534]
[1.92932539 0.03216401]
[1.9293266  0.03215375]
[1.92932792 0.03214454]
[1.92932933 0.03213608]
[1.92933074 0.03212845]
[1.9293321  0.03212156]
[1.92933357 0.03211543]
[1.92933506 0.03210992]
[1.92933638 0.03210487]
[1.92933758 0.03210035]
[1.92933876 0.03209634]
[1.92934001 0.0320928 ]
[1.92934113 0.03208964]
[1.92934217 0.03208692]
[1.92934295 0.03208454]
[1.9293434  0.03208251]
[1.92934374 0.03208065]
[1.92934405 0.03207897]
[1.92934431 0.03207752]
[1.9293446  0.03207629]
[1.92934494 0.03207524]
[1.92934527 0.03207433]
[1.9293456  0.03207352]
[1.9293459  0.03207286]
[1.9293462  0.03207228]
[1.92934643 0.03207183]
[1.92935148 0.03201884]
[1.92935614 0.03197112]
[1.92936024 0.03192815]
[1.92936404 0.03188945]
[1.92936755 0.03185452]
[1.92937089 0.03182302]
[1.92937416 0.03179463]
[1.92937729 0.03176906]
[1.92938014 0.03174598]
[1.92938294 0.03172532]
[1.92938564 0.03170672]
[1.92938808 0.03168989]
[1.9293903  0.03167474]
[1.92939235 0.03166128]
[1.9293943  0.03164924]
[1.9293961  0.03163832]
[1.92939775 0.03162857]
[1.92939903 0.03161987]
[1.92939999 0.03161221]
[1.92940077 0.03160522]
[1.92940149 0.03159907]
[1.92940211 0.03159351]
[1.92940264 0.0315885 ]
[1.92940329 0.03158405]
[1.92940385 0.03158014]
[1.92940451 0.03157668]
[1.9294051  0.03157359]
[1.9294057  0.03157084]
[1.92940622 0.03156837]
[1.92941154 0.0315137 ]
[1.92941634 0.03146442]
[1.92942069 0.03142001]
[1.92942466 0.03137996]
[1.9294283  0.03134394]
[1.92943178 0.03131149]
[1.92943519 0.03128215]
[1.92943835 0.03125575]
[1.92944128 0.03123196]
[1.92944416 0.03121067]
[1.92944697 0.03119154]
[1.92944944 0.03117423]
[1.92945168 0.0311587 ]
[1.92945383 0.03114481]
[1.92945587 0.03113234]
[1.92945768 0.03112113]
[1.92945936 0.03111115]
[1.92946061 0.0311023 ]
[1.92946158 0.03109431]
[1.92946239 0.03108713]
[1.92946306 0.03108068]
[1.92946374 0.03107494]
[1.92946431 0.03106979]
[1.92946492 0.03106527]
[1.92946559 0.03106124]
[1.92946627 0.03105766]
[1.92946683 0.03105446]
[1.92946741 0.03105162]
[1.92946792 0.03104902]
[1.92947333 0.03099437]
[1.92947814 0.03094505]
[1.9294826  0.03090068]
[1.92948668 0.03086072]
[1.9294904  0.03082472]
[1.92949398 0.03079227]
[1.92949742 0.03076289]
[1.92950065 0.03073651]
[1.92950367 0.03071271]
[1.92950653 0.03069142]
[1.92950935 0.03067231]
[1.92951189 0.03065496]
[1.92951415 0.03063937]
[1.92951629 0.03062549]
[1.92951836 0.03061299]
[1.92952019 0.03060178]
[1.92952192 0.03059179]
[1.9295232 0.0305829]
[1.92952419 0.03057494]
[1.92952501 0.03056777]
[1.92952572 0.03056128]
[1.92952641 0.03055553]
[1.929527   0.03055041]
[1.92952764 0.03054588]
[1.92952831 0.03054183]
[1.92952899 0.03053822]
[1.92952957 0.03053503]
[1.92953015 0.03053219]
[1.92953065 0.03052959]
[1.9295361  0.03047496]
[1.92954105 0.03042577]
[1.92954557 0.03038143]
[1.92954965 0.03034146]
[1.92955338 0.03030545]
[1.92955696 0.03027302]
[1.92956042 0.0302437 ]
[1.92956366 0.03021734]
[1.92956672 0.03019356]
[1.92956966 0.03017232]
[1.92957252 0.03015325]
[1.92957506 0.0301359 ]
[1.92957734 0.03012031]
[1.9295795  0.03010641]
[1.92958159 0.03009392]
[1.92958345 0.03008272]
[1.92958518 0.03007274]
[1.92958646 0.03006385]
[1.92958745 0.03005589]
[1.92958831 0.03004874]
[1.92958905 0.03004224]
[1.92958974 0.0300365 ]
[1.92959034 0.03003139]
[1.92959098 0.03002685]
[1.92959166 0.0300228 ]
[1.92959232 0.0300192 ]
[1.9295929  0.03001602]
[1.92959348 0.03001318]
[1.92959397 0.03001057]
[1.92959947 0.02995601]
[1.92960449 0.02990688]
[1.9296091  0.02986263]
[1.92961328 0.02982274]
[1.92961713 0.02978679]
[1.9296208  0.02975444]
[1.92962436 0.02972525]
[1.92962764 0.02969892]
[1.92963074 0.0296752 ]
[1.92963368 0.02965396]
[1.92963655 0.02963479]
[1.9296391  0.02961748]
[1.92964139 0.02960194]
[1.92964354 0.02958804]
[1.92964566 0.02957561]
[1.92964757 0.02956443]
[1.9296493  0.02955445]
[1.92965055 0.02954559]
[1.92965157 0.02953764]
[1.92965245 0.02953053]
[1.92965321 0.02952406]
[1.92965391 0.02951833]
[1.92965451 0.02951322]
[1.92965514 0.02950868]
[1.92965581 0.02950464]
[1.92965646 0.02950106]
[1.92965702 0.02949789]
[1.9296576  0.02949506]
[1.92965807 0.02949247]
[1.92966365 0.02943796]
[1.92966871 0.02938888]
[1.9296733  0.02934462]
[1.9296775  0.02930475]
[1.9296814  0.02926886]
[1.92968511 0.02923658]
[1.9296887  0.02920743]
[1.92969202 0.02918114]
[1.92969506 0.02915746]
[1.92969798 0.02913624]
[1.9297009  0.02911712]
[1.92970347 0.02909984]
[1.92970577 0.02908426]
[1.929708   0.02907044]
[1.92971015 0.02905804]
[1.92971209 0.02904689]
[1.92971382 0.02903691]
[1.92971506 0.02902805]
[1.92971611 0.02902013]
[1.92971702 0.02901305]
[1.92971778 0.0290066 ]
[1.92971846 0.02900087]
[1.92971906 0.02899576]
[1.92971969 0.02899123]
[1.92972037 0.0289872 ]
[1.92972102 0.02898361]
[1.92972158 0.02898045]
[1.92972216 0.02897761]
[1.92972262 0.02897503]
[1.92972827 0.02892058]
[1.92973343 0.02887155]
[1.92973812 0.02882738]
[1.92974245 0.02878764]
[1.92974637 0.02875177]
[1.92975011 0.02871948]
[1.92975369 0.02869034]
[1.92975704 0.02866405]
[1.92976016 0.02864042]
[1.92976309 0.02861925]
[1.92976603 0.02860017]
[1.92976864 0.02858286]
[1.92977101 0.02856736]
[1.92977327 0.02855353]
[1.9297754  0.02854115]
[1.9297774  0.02853007]
[1.92977911 0.0285201 ]
[1.92978041 0.02851129]
[1.92978148 0.02850341]
[1.92978238 0.02849634]
[1.92978313 0.02848989]
[1.92978382 0.02848415]
[1.92978442 0.02847906]
[1.92978505 0.02847453]
[1.92978572 0.0284705 ]
[1.92978635 0.02846693]
[1.9297869  0.02846378]
[1.92978748 0.02846097]
[1.92978795 0.02845841]
[1.92979366 0.02840408]
[1.92979887 0.02835513]
[1.92980357 0.02831102]
[1.92980789 0.02827128]
[1.92981182 0.02823547]
[1.9298156  0.02820322]
[1.9298192 0.0281741]
[1.92982259 0.02814788]
[1.92982578 0.02812424]
[1.92982873 0.02810303]
[1.92983168 0.02808397]
[1.92983439 0.02806678]
[1.92983683 0.02805128]
[1.92983908 0.02803746]
[1.92984124 0.0280251 ]
[1.92984324 0.02801405]
[1.92984494 0.02800409]
[1.92984624 0.02799528]
[1.92984732 0.02798743]
[1.92984823 0.02798038]
[1.92984897 0.02797393]
[1.92984966 0.0279682 ]
[1.92985027 0.02796312]
[1.92985089 0.02795861]
[1.92985158 0.02795461]
[1.92985223 0.02795106]
[1.92985278 0.02794791]
[1.92985336 0.02794511]
[1.92985384 0.02794255]
[1.92985967 0.02788829]
[1.92986497 0.02783937]
[1.92986979 0.02779541]
[1.92987413 0.02775567]
[1.92987818 0.02771992]
[1.929882   0.02768772]
[1.92988566 0.02765867]
[1.92988913 0.02763251]
[1.92989234 0.02760893]
[1.92989536 0.02758776]
[1.92989835 0.02756872]
[1.92990107 0.02755154]
[1.92990351 0.02753604]
[1.92990579 0.02752224]
[1.92990795 0.02750989]
[1.92990996 0.02749883]
[1.92991172 0.02748891]
[1.92991307 0.02748015]
[1.92991418 0.02747226]
[1.92991509 0.02746521]
[1.92991588 0.02745881]
[1.92991662 0.0274531 ]
[1.92991725 0.02744801]
[1.92991786 0.0274435 ]
[1.92991857 0.02743951]
[1.92991922 0.02743596]
[1.92991982 0.02743282]
[1.92992042 0.02742999]
[1.92992091 0.02742743]
[1.92992679 0.02737327]
[1.92993216 0.02732446]
[1.92993702 0.02728047]
[1.92994145 0.0272408 ]
[1.92994555 0.02720512]
[1.92994943 0.027173  ]
[1.92995312 0.02714398]
[1.92995665 0.02711781]
[1.92995988 0.02709424]
[1.92996298 0.02707309]
[1.92996599 0.02705406]
[1.92996869 0.02703692]
[1.92997113 0.02702144]
[1.92997338 0.02700761]
[1.92997555 0.02699527]
[1.92997756 0.02698423]
[1.92997936 0.02697433]
[1.92998069 0.02696554]
[1.92998182 0.02695769]
[1.92998272 0.02695064]
[1.92998351 0.02694424]
[1.92998423 0.0269385 ]
[1.92998487 0.02693341]
[1.92998549 0.0269289 ]
[1.92998623 0.0269249 ]
[1.92998687 0.02692135]
[1.92998751 0.0269182 ]
[1.92998811 0.02691538]
[1.92998859 0.02691283]
[1.92999455 0.02685868]
[1.92999991 0.02680992]
[1.93000484 0.02676603]
[1.93000934 0.02672647]
[1.93001345 0.02669081]
[1.93001735 0.02665872]
[1.93002106 0.02662971]
[1.93002462 0.02660358]
[1.93002783 0.02658003]
[1.93003097 0.02655892]
[1.93003405 0.02653997]
[1.93003682 0.02652282]
[1.93003927 0.02650738]
[1.9300415  0.02649357]
[1.93004369 0.02648127]
[1.93004571 0.02647019]
[1.93004753 0.02646033]
[1.9300489  0.02645157]
[1.93005003 0.02644373]
[1.93005093 0.02643667]
[1.93005175 0.02643029]
[1.93005249 0.02642456]
[1.93005312 0.02641947]
[1.93005377 0.026415  ]
[1.93005455 0.02641102]
[1.93005521 0.02640742]
[1.93005571 0.02640413]
[1.93006059 0.02635802]
[1.930065   0.02631648]
[1.93006907 0.02627904]
[1.93007274 0.02624526]
[1.93007611 0.02621482]
[1.93007935 0.02618737]
[1.93008247 0.02616266]
[1.93008541 0.02614032]
[1.93008824 0.02612021]
[1.93009094 0.02610221]
[1.93009361 0.02608597]
[1.93009595 0.02607141]
[1.93009807 0.02605821]
[1.93010008 0.02604643]
[1.93010199 0.02603597]
[1.9301038  0.02602654]
[1.93010537 0.02601804]
[1.93010658 0.02601057]
[1.93010748 0.02600393]
[1.93010829 0.02599793]
[1.93010901 0.02599256]
[1.93010957 0.02598771]
[1.93011006 0.0259834 ]
[1.93011069 0.02597958]
[1.93011134 0.02597625]
[1.93011196 0.02597327]
[1.93011248 0.02597061]
[1.93011299 0.02596827]
[1.93011342 0.02596615]
[1.93011949 0.02591259]
[1.93012502 0.02586431]
[1.93012993 0.02582078]
[1.93013445 0.02578161]
[1.93013862 0.02574632]
[1.93014257 0.02571451]
[1.93014631 0.02568574]
[1.93014989 0.02565984]
[1.93015316 0.02563653]
[1.93015624 0.0256156 ]
[1.93015928 0.02559678]
[1.93016205 0.02557976]
[1.93016453 0.02556444]
[1.93016689 0.02555079]
[1.93016913 0.02553861]
[1.93017114 0.02552763]
[1.930173  0.0255178]
[1.9301744  0.02550914]
[1.93017546 0.02550135]
[1.93017637 0.02549433]
[1.93017719 0.02548806]
[1.9301779  0.02548239]
[1.93017857 0.0254773 ]
[1.93017924 0.02547284]
[1.93017994 0.02546891]
[1.93018063 0.02546545]
[1.93018125 0.02546236]
[1.93018181 0.02545957]
[1.93018228 0.0254571 ]
[1.93018846 0.02540326]
[1.93019401 0.02535469]
[1.93019912 0.02531097]
[1.93020381 0.02527157]
[1.93020802 0.02523605]
[1.93021205 0.02520406]
[1.93021592 0.0251752 ]
[1.93021948 0.02514912]
[1.93022285 0.0251257 ]
[1.93022602 0.0251046 ]
[1.93022911 0.02508569]
[1.93023193 0.02506859]
[1.93023443 0.02505323]
[1.93023675 0.02503948]
[1.930239   0.02502719]
[1.93024099 0.02501614]
[1.93024279 0.02500627]
[1.93024418 0.02499755]
[1.93024529 0.02498973]
[1.9302463  0.02498273]
[1.93024717 0.0249764 ]
[1.93024796 0.02497075]
[1.93024859 0.02496567]
[1.9302493 0.0249613]
[1.93024996 0.02495748]
[1.93025065 0.024954  ]
[1.93025137 0.02495089]
[1.93025204 0.02494796]
[1.93025257 0.02494527]
[1.93025144 0.0249276 ]
[1.93025049 0.0249117 ]
[1.9302498 0.0248973]
[1.93024924 0.02488432]
[1.9302487  0.02487257]
[1.93024843 0.024862  ]
[1.93024845 0.02485233]
[1.93024857 0.02484361]
[1.93024877 0.02483574]
[1.93024916 0.02482878]
[1.93024976 0.02482247]
[1.93025033 0.02481676]
[1.93025085 0.02481164]
[1.93025139 0.02480713]
[1.93025199 0.02480319]
[1.93025253 0.02479964]
[1.93025302 0.0247965 ]
[1.93025323 0.0247938 ]
[1.93025331 0.02479151]
[1.93025329 0.02478938]
[1.93025328 0.02478746]
[1.93025325 0.02478579]
[1.93025317 0.02478429]
[1.93025324 0.024783  ]
[1.93025334 0.0247819 ]
[1.93025343 0.02478095]
[1.93025354 0.02478019]
[1.93025368 0.0247795 ]
[1.93025376 0.02477886]
[1.93025973 0.02472681]
