[0.91286081 0.27679981]
[0.9128521  0.27680682]
[0.91283349 0.27681971]
[0.91282378 0.27682849]
[0.91280576 0.27683863]
[0.9127951 0.2768471]
[0.9127744  0.27686441]
[0.91274661 0.27685135]
[0.91270715 0.27687733]
[0.91269197 0.27688512]
[0.91267173 0.27689078]
[0.91264327 0.27690609]
[0.91260254 0.27691912]
[0.91258133 0.27692445]
[0.94464695 0.28639516]
[0.94464695 0.28639516]
[0.94464695 0.28639516]
[0.94464695 0.28639516]
[0.94464695 0.28639516]
[0.94464695 0.28639516]
[0.94464035 0.28639639]
[0.94463919 0.28639712]
[0.93911896 0.2825567 ]
[0.93911734 0.28255736]
[0.93910762 0.28256509]
[0.93908655 0.28257937]
[0.93907559 0.28258923]
[0.93905505 0.2826003 ]
[0.93904309 0.28260968]
[0.93901954 0.28262915]
[0.93899215 0.28261794]
[0.93894868 0.28264742]
[0.93893225 0.28265656]
[0.93890992 0.28266308]
[0.93887889 0.28268003]
[0.93883364 0.28269392]
[0.93881063 0.28269933]
[0.97127492 0.29192319]
[0.97127492 0.29192319]
[0.97127364 0.29192311]
[0.97127298 0.29192306]
[0.97127234 0.291923  ]
[0.97127175 0.29192295]
[0.97127126 0.29192291]
[0.97127083 0.29192291]
[0.97126938 0.29192318]
[0.95673839 0.2786335 ]
[0.9567365  0.27863425]
[0.95672565 0.27864272]
[0.95670183 0.27865847]
[0.95668955 0.2786695 ]
[0.95666616 0.27868157]
[0.95665274 0.27869192]
[0.95662597 0.2787138 ]
[0.95659885 0.2787047 ]
[0.95655079 0.27873812]
[0.95653291 0.27874877]
[0.95650821 0.27875627]
[0.95647416 0.27877512]
[0.95642372 0.27878991]
[0.95639868 0.2787954 ]
[0.98943675 0.2877997 ]
[0.98943604 0.28779924]
[0.98943571 0.28779897]
[0.98943432 0.28779802]
[0.98943506 0.28779501]
[0.98943939 0.2877939 ]
[0.98944295 0.28779208]
[0.98944912 0.28778911]
[0.98946164 0.2877837 ]
[0.98948054 0.28777995]
[0.98950742 0.28777266]
[0.98953107 0.28777546]
[0.98955083 0.28778096]
[0.98956973 0.28778218]
[0.98959375 0.28778118]
[0.98963025 0.28778001]
[0.98964937 0.28778064]
[0.98967114 0.28778078]
[0.98969742 0.28778075]
[0.98973133 0.28778129]
[0.98972915 0.28778209]
[0.98971704 0.28779145]
[0.98969011 0.28780886]
[0.98967637 0.28782108]
[0.98967608 0.28782108]
[0.98968015 0.28782679]
[0.98968021 0.28782788]
[0.98968936 0.28783187]
[0.98969732 0.28783659]
[0.98943815 0.2878028 ]
[0.9894038  0.28778955]
[1.0149044  0.29217874]
[1.01490348 0.29217879]
[1.01490255 0.29217883]
[1.01490069 0.29217939]
[1.01489885 0.29217967]
[1.01489718 0.29217994]
[1.0148957 0.2921802]
[1.01489434 0.2921804 ]
[1.01489226 0.29217781]
[1.01489029 0.29217238]
[1.01489262 0.29216338]
[1.01489843 0.29215231]
[1.01491135 0.29214112]
[1.01493583 0.29212986]
[1.01496235 0.29212027]
[1.01495991 0.29212116]
[1.01494689 0.2921311 ]
[1.01491764 0.29214969]
[1.01490276 0.29216284]
[1.01487379 0.29217668]
[1.01485756 0.29218877]
[1.01482449 0.29221519]
[1.01479864 0.29221136]
[1.01474215 0.29225228]
[1.01472164 0.29226592]
[1.0146928  0.29227518]
[1.01465346 0.29229737]
[1.01459343 0.29231343]
[1.01456471 0.2923187 ]
[1.04824425 0.30082888]
[1.04824425 0.30082888]
[1.0482417  0.30082869]
[1.04824034 0.30082862]
[1.04823963 0.30082859]
[1.04823838 0.30082849]
[1.04823796 0.30082845]
[1.04823696 0.30082838]
[1.04823394 0.30082922]
[1.04823294 0.30082982]
[1.04333667 0.29696193]
[1.04333393 0.2969629 ]
[1.04333119 0.29696387]
[1.04332404 0.29696545]
[1.04331688 0.29696703]
[1.04331505 0.29696727]
[1.04331322 0.29696751]
[1.04331103 0.29696936]
[1.04330884 0.29697121]
[1.04330263 0.29696839]
[1.04329643 0.29696557]
[1.0432943  0.29697002]
[1.04329216 0.29697447]
[1.0432888  0.29697472]
[1.04328544 0.29697497]
[1.04327547 0.29696899]
[1.04326551 0.296963  ]
[1.0432623  0.29696351]
[1.04325909 0.29696401]
[1.04322927 0.29697026]
[1.04319949 0.29697643]
[1.04319838 0.29697787]
[1.04319729 0.29697931]
[1.04319779 0.29698009]
[1.04319829 0.29698087]
[1.05185027 0.30464987]
[1.05184748 0.30465085]
[1.05184468 0.30465182]
[1.05183769 0.30465333]
[1.0518307  0.30465483]
[1.0518318  0.30465618]
[1.0518329  0.30465754]
[1.05183084 0.30465986]
[1.05182879 0.30466218]
[1.05182822 0.30466244]
[1.05182766 0.3046627 ]
[1.05182622 0.3046668 ]
[1.05182479 0.30467091]
[1.05182466 0.30467183]
[1.05182452 0.30467275]
[1.05182066 0.3046751 ]
[1.05181681 0.30467744]
[1.05181449 0.3046794 ]
[1.05181217 0.30468134]
[1.05180758 0.30467736]
[1.05180298 0.30467338]
[1.05180148 0.30467779]
[1.05179998 0.30468221]
[1.05168337 0.30461632]
[1.05156736 0.30455076]
[1.05154348 0.30454437]
[1.05151964 0.30453793]
[1.0796722  0.31776094]
[1.07966926 0.317762  ]
[1.07966633 0.31776306]
[1.0796593  0.31776455]
[1.07965228 0.31776603]
[1.07964275 0.31776971]
[1.07963322 0.3177734 ]
[1.07962134 0.31778061]
[1.07960948 0.31778782]
[1.0795329  0.31778205]
[1.07945643 0.31777635]
[1.07942394 0.31777232]
[1.0793915 0.3177683]
[1.07923797 0.31784323]
[1.079085   0.31791795]
[1.07902653 0.31792749]
[1.07896811 0.31793703]
[1.07868338 0.31788975]
[1.07839987 0.31784258]
[1.07837385 0.31787139]
[1.07834775 0.31790018]
[1.10873448 0.33048787]
[1.10873141 0.33048895]
[1.10872833 0.33049002]
[1.10872164 0.3304913 ]
[1.10871496 0.33049257]
[1.10870547 0.33049612]
[1.10869597 0.33049967]
[1.10868481 0.33050616]
[1.10867363 0.33051263]
[1.10858234 0.33050547]
[1.10849125 0.33049836]
[1.10845605 0.33049374]
[1.10842088 0.33048914]
[1.1082346 0.3305799]
[1.10804897 0.33067034]
[1.10798242 0.33068167]
[1.10791594 0.33069305]
[1.10758156 0.33063958]
[1.10724861 0.33058638]
[1.1071952  0.33060489]
[1.10714183 0.33062338]
[1.13754008 0.3429091 ]
[1.1375368  0.34291021]
[1.13753352 0.34291133]
[1.1375272  0.34291249]
[1.13752088 0.34291364]
[1.13751125 0.34291715]
[1.13750162 0.34292066]
[1.13749112 0.34292645]
[1.13748061 0.34293223]
[1.13737466 0.34292377]
[1.13726896 0.3429154 ]
[1.13723103 0.34291025]
[1.13719311 0.34290509]
[1.13697423 0.34301133]
[1.13675613 0.34311726]
[1.1367263 0.343127 ]
[1.13669648 0.34313672]
[1.13637194 0.34307202]
[1.13604851 0.34300745]
[1.13598012 0.34301661]
[1.13591178 0.34302582]
[1.16847206 0.35472104]
[1.16846861 0.35472221]
[1.16846516 0.35472337]
[1.16846603 0.35472455]
[1.16846691 0.35472572]
[1.16846268 0.35472238]
[1.16845845 0.35471903]
[1.16845669 0.35471618]
[1.16845494 0.35471333]
[1.16845302 0.35471496]
[1.16845108 0.35471657]
[1.16844417 0.35470855]
[1.16843726 0.35470054]
[1.16843611 0.35469837]
[1.16843496 0.35469618]
[1.16842424 0.35469665]
[1.16841349 0.35469711]
[1.16841452 0.35469267]
[1.16841555 0.35468822]
[1.1683975  0.35469558]
[1.16837947 0.35470296]
[1.16837679 0.35469987]
[1.1683741  0.35469677]
[1.16837311 0.35469708]
[1.16837213 0.35469739]
[1.16059767 0.35231583]
[1.16059428 0.35231697]
[1.16059088 0.3523181 ]
[1.16058639 0.35231948]
[1.16058189 0.35232085]
[1.16057804 0.35232332]
[1.16057419 0.35232579]
[1.16057089 0.35232614]
[1.16056758 0.35232648]
[1.16056626 0.35232596]
[1.16056495 0.35232543]
[1.1605626  0.35232442]
[1.16056025 0.35232341]
[1.160558   0.35232322]
[1.16055575 0.35232303]
[1.16055178 0.35231903]
[1.1605478  0.35231502]
[1.1605445  0.35231692]
[1.16054119 0.35231881]
[1.16053948 0.35231939]
[1.16053778 0.35231996]
[1.16053494 0.35232118]
[1.1605321 0.3523224]
[1.16053071 0.3523234 ]
[1.1605293  0.35232439]
[1.16052787 0.35232509]
[1.16052645 0.35232579]
[1.16052502 0.35232646]
[1.1605236  0.35232713]
[1.17903636 0.35976527]
[1.17903284 0.35976645]
[1.17902933 0.35976763]
[1.17902469 0.35976903]
[1.17902004 0.35977044]
[1.17901606 0.35977301]
[1.17901209 0.35977559]
[1.1790087  0.35977596]
[1.17900531 0.35977634]
[1.17900031 0.35977766]
[1.1789953  0.35977898]
[1.17899056 0.35977836]
[1.17898582 0.35977776]
[1.17898637 0.35977724]
[1.17898693 0.35977671]
[1.17896489 0.35976137]
[1.17894285 0.35974606]
[1.17893839 0.35974361]
[1.17893392 0.35974115]
[1.17892047 0.35974658]
[1.17890696 0.35975203]
[1.17890386 0.3597491 ]
[1.17890077 0.35974617]
[1.1788959  0.35974554]
[1.17889102 0.35974489]
[1.17888244 0.35974129]
[1.17887391 0.35973769]
[1.17886725 0.35974403]
[1.17886062 0.3597504 ]
[1.17885291 0.35972115]
[1.17884521 0.35969194]
[1.17884085 0.35968881]
[1.1788365  0.35968569]
[1.20447643 0.37555117]
[1.20447277 0.37555241]
[1.2044691  0.37555364]
[1.20446433 0.37555506]
[1.20445955 0.37555648]
[1.20445536 0.37555918]
[1.20445117 0.37556188]
[1.2044477  0.37556228]
[1.20444423 0.37556268]
[1.20444315 0.37556212]
[1.20444208 0.37556155]
[1.20444113 0.37556212]
[1.20444018 0.3755627 ]
[1.2044369 0.3755617]
[1.20443362 0.37556071]
[1.20443552 0.37556028]
[1.20443742 0.37555984]
[1.20443674 0.37556083]
[1.20443605 0.37556181]
[1.20442886 0.37555968]
[1.20442167 0.37555755]
[1.20442093 0.3755583 ]
[1.20442019 0.37555904]
[1.20441477 0.37555576]
[1.20440936 0.37555248]
[1.18403514 0.36603997]
[1.18403157 0.36604117]
[1.18402801 0.36604237]
[1.18402334 0.36604378]
[1.18401867 0.3660452 ]
[1.18401459 0.36604781]
[1.18401051 0.36605043]
[1.18400706 0.36605084]
[1.18400362 0.36605125]
[1.18399845 0.36605265]
[1.18399328 0.36605405]
[1.18398854 0.36605347]
[1.1839838 0.3660529]
[1.18397984 0.36605485]
[1.18397589 0.3660568 ]
[1.18395056 0.36604303]
[1.18392525 0.36602927]
[1.18392028 0.36602676]
[1.1839153  0.36602425]
[1.18389982 0.36603008]
[1.18388434 0.36603589]
[1.18388135 0.36603269]
[1.18387833 0.36602945]
[1.18387239 0.36602922]
[1.18386645 0.36602898]
[1.1838575  0.36602531]
[1.18384854 0.36602164]
[1.18384257 0.36602436]
[1.18383659 0.36602708]
[1.18380544 0.36603386]
[1.18377436 0.36604071]
[1.18376731 0.36604108]
[1.18376027 0.36604146]
[1.21012632 0.38085795]
[1.21012262 0.38085918]
[1.21010517 0.380872  ]
[1.21009043 0.38092259]
[1.21008843 0.38094333]
[1.21009163 0.38094534]
[1.21007689 0.38094075]
[1.21007292 0.38093809]
[1.21007184 0.38093829]
[1.21006856 0.38094025]
[1.21006018 0.38093411]
[1.21006593 0.38095284]
[1.21007631 0.38099183]
[1.20967876 0.38104212]
[1.20955339 0.38107468]
[1.20955229 0.38107525]
[1.21693262 0.383447  ]
[1.21693262 0.383447  ]
[1.21693146 0.38344768]
[1.21693084 0.38344805]
[1.21693029 0.38344839]
[1.21692981 0.38344872]
[1.21692937 0.38344902]
[1.21692896 0.38344926]
[1.21692858 0.38344945]
[1.21692824 0.38344965]
[1.21692799 0.38344983]
[1.21692776 0.38345   ]
[1.21692754 0.38345017]
[1.21692734 0.38345031]
[1.21692718 0.38345044]
[1.21692701 0.38345054]
[1.21692684 0.38345064]
[1.21692668 0.38345073]
[1.21692289 0.383452  ]
[1.21690521 0.38346493]
[1.21689007 0.38351613]
[1.21688794 0.38353725]
[1.21684569 0.38355381]
[1.21682443 0.38356947]
[1.21676851 0.38359613]
[1.21674238 0.38360966]
[1.2166809 0.3836399]
[1.21667459 0.38368   ]
[1.21658803 0.38372889]
[1.21661378 0.38391998]
[1.21645455 0.38398695]
[1.21637868 0.3840476 ]
[1.21637841 0.38404762]
[1.22562697 0.38427268]
[1.22562697 0.38427268]
[1.2256204  0.38427236]
[1.22561692 0.38427217]
[1.22561382 0.38427203]
[1.22561101 0.38427189]
[1.22560755 0.38427198]
[1.22560448 0.38427193]
[1.22560172 0.38427188]
[1.22559923 0.38427189]
[1.22556753 0.38428481]
[1.2069621 0.3687766]
[1.20690736 0.3687884 ]
[1.20673745 0.36882888]
[1.20665394 0.36888091]
[1.20665447 0.36888246]
[1.20662874 0.36886328]
[1.20662337 0.36883566]
[1.20657781 0.3688042 ]
[1.20656321 0.36878957]
[1.20650942 0.36885954]
[1.20637288 0.36920426]
[1.20600796 0.36939818]
[1.20578086 0.36919426]
[1.25455285 0.36621433]
[1.25454913 0.3662159 ]
[1.25452489 0.3662278 ]
[1.25450301 0.36623847]
[1.25449229 0.36624187]
[1.25447256 0.36625258]
[1.2544548  0.36626219]
[1.2544388  0.36627084]
[1.25442439 0.36627862]
[1.25441144 0.36628565]
[1.2543998  0.36629197]
[1.25438932 0.36629763]
[1.25437533 0.3663091 ]
[1.25437534 0.3663091 ]
[1.25437221 0.36631062]
[1.25437057 0.36631163]
[1.24828453 0.3622498 ]
[1.24828036 0.36225111]
[1.24826114 0.36226501]
[1.24803568 0.3623018 ]
[1.24799207 0.36231803]
[1.24765828 0.36238903]
[1.24734718 0.36258791]
[1.24668905 0.36274205]
[1.2463852  0.36274313]
[1.28361647 0.36802817]
[1.28361647 0.36802817]
[1.28360836 0.36802778]
[1.28360408 0.36802757]
[1.2836002  0.36802734]
[1.28359549 0.36802707]
[1.28359156 0.36802707]
[1.28358663 0.36802688]
[1.28357269 0.36803294]
[1.28356494 0.36803416]
[1.28355802 0.36803528]
[1.28355176 0.36803628]
[1.28353334 0.36803968]
[1.26258489 0.35100166]
[1.2625786  0.35100762]
[1.26255474 0.35102571]
[1.26254496 0.35103672]
[1.26251269 0.35105781]
[1.26249905 0.35107564]
[1.26246065 0.35111046]
[1.26244317 0.35111913]
[1.26237213 0.35117861]
[1.26237472 0.35122439]
[1.26237066 0.35128424]
[1.26238978 0.35140794]
[1.26155045 0.35159888]
[1.26155045 0.35159888]
[1.26154268 0.35159847]
[1.26153863 0.35159827]
[1.26153497 0.35159799]
[1.26153047 0.3515977 ]
[1.26152685 0.35159764]
[1.26152223 0.35159746]
[1.26150926 0.3516031 ]
[1.261502   0.35160419]
[1.26149552 0.35160522]
[1.26148972 0.35160611]
[1.2614845  0.35160692]
[1.26147975 0.35160766]
[1.26147546 0.35160834]
[1.26147104 0.35160972]
[1.26145091 0.35162412]
[1.26119638 0.35166534]
[1.26114472 0.35168279]
[1.26077355 0.35176149]
[1.26043316 0.35197715]
[1.25972982 0.35214202]
[1.25939998 0.35214398]
[1.29706304 0.35733064]
[1.2970609  0.35732848]
[1.29705876 0.35732631]
[1.29705514 0.35733001]
[1.29705151 0.35733371]
[1.29704516 0.35734013]
[1.29703881 0.35734655]
[1.29703561 0.35734834]
[1.29703241 0.35735012]
[1.29702724 0.3573525 ]
[1.29702206 0.35735488]
[1.29701765 0.35735674]
[1.29701325 0.3573586 ]
[1.29700732 0.35735689]
[1.2970014  0.35735518]
[1.29699649 0.35735947]
[1.29699157 0.35736375]
[1.29698548 0.35736211]
[1.29697939 0.35736046]
[1.29697716 0.3573632 ]
[1.29697494 0.35736595]
[1.29696866 0.35737609]
[1.29696239 0.35738623]
[1.31953134 0.36707889]
[1.31952646 0.36708038]
[1.31952157 0.36708187]
[1.31951526 0.36708353]
[1.31950895 0.3670852 ]
[1.31950346 0.36708866]
[1.31949796 0.36709212]
[1.31949343 0.36709257]
[1.3194889  0.36709301]
[1.31948175 0.36709473]
[1.3194746  0.36709645]
[1.3194727  0.36709651]
[1.31947079 0.36709658]
[1.31947131 0.36709872]
[1.31947182 0.36710086]
[1.3194528  0.36708055]
[1.31943377 0.36706025]
[1.31942979 0.36705639]
[1.31942581 0.36705253]
[1.31941668 0.36704356]
[1.31940754 0.36703459]
[1.31940308 0.36703077]
[1.31939861 0.36702695]
[1.3193899  0.36701987]
[1.31938119 0.36701279]
[1.31937705 0.36700886]
[1.31937292 0.36700493]
[1.31935949 0.36700595]
[1.31934606 0.36700696]
[1.31934192 0.3670028 ]
[1.31933778 0.36699864]
[1.31933512 0.36699534]
[1.31933246 0.36699204]
[1.31932945 0.36698916]
[1.31932644 0.36698629]
[1.31932741 0.36698034]
[1.31932838 0.36697439]
[1.2761133  0.34941818]
[1.27610863 0.34941963]
[1.27610395 0.34942107]
[1.27609775 0.34942272]
[1.27609155 0.34942438]
[1.27608636 0.34942759]
[1.27608118 0.34943081]
[1.27607665 0.34943107]
[1.27607213 0.34943132]
[1.27606555 0.34943285]
[1.27605897 0.34943438]
[1.27605294 0.34943348]
[1.27604689 0.34943256]
[1.27604174 0.34943507]
[1.2760366  0.34943758]
[1.27600951 0.34942194]
[1.27598243 0.34940634]
[1.27597749 0.34940232]
[1.27597256 0.34939831]
[1.27595751 0.34940181]
[1.27594249 0.34940532]
[1.27593207 0.34940839]
[1.27592164 0.34941151]
[1.27591902 0.34941144]
[1.27591641 0.34941136]
[1.27591404 0.34941039]
[1.27591168 0.34940941]
[1.27590993 0.34940896]
[1.27590818 0.3494085 ]
[1.26162629 0.3440137 ]
[1.2616233  0.34401346]
[1.2616203  0.34401323]
[1.26161763 0.34401368]
[1.26161495 0.34401413]
[1.26161146 0.34401406]
[1.26160797 0.34401402]
[1.26160107 0.34401746]
[1.26159417 0.3440209 ]
[1.26158848 0.34402355]
[1.26158279 0.34402619]
[1.26156551 0.34402917]
[1.26154824 0.34403214]
[1.2615429 0.3440338]
[1.26153756 0.34403545]
[1.26152476 0.34403134]
[1.26151197 0.34402725]
[1.26150665 0.34402371]
[1.2615013  0.34402022]
[1.26148204 0.3440012 ]
[1.26146278 0.34398218]
[1.26145526 0.34397284]
[1.26144777 0.34396349]
[1.2614248  0.34393878]
[1.26140188 0.34391407]
[1.26140202 0.34391613]
[1.26140215 0.34391818]
[1.26140184 0.34391913]
[1.26140152 0.34392008]
[1.26139775 0.34392283]
[1.26139398 0.34392557]
[1.24095362 0.33843193]
[1.2409493  0.33843325]
[1.24094497 0.33843458]
[1.24092129 0.33844169]
[1.24089763 0.33844877]
[1.24087619 0.3384608 ]
[1.24085475 0.33847283]
[1.24074141 0.33846132]
[1.24062815 0.33844987]
[1.24056179 0.33845338]
[1.24049552 0.33845687]
[1.24035382 0.3385312 ]
[1.24021238 0.33860545]
[1.24020074 0.33859301]
[1.2401891  0.33858058]
[1.24017902 0.3385723 ]
[1.24016893 0.33856403]
[1.24015116 0.33856182]
[1.24013339 0.33855962]
[1.24012323 0.33856333]
[1.24011306 0.33856704]
[1.22446492 0.33733747]
[1.22446066 0.33733878]
[1.22445639 0.33734008]
[1.22445065 0.33734167]
[1.22444492 0.33734326]
[1.22444013 0.33734627]
[1.22443535 0.33734927]
[1.22443113 0.33734951]
[1.22442692 0.33734975]
[1.22442091 0.33735118]
[1.2244149 0.3373526]
[1.22440923 0.33735174]
[1.22440356 0.33735088]
[1.22439875 0.33735321]
[1.22439394 0.33735554]
[1.22436809 0.3373407 ]
[1.22434221 0.33732588]
[1.22433758 0.33732218]
[1.22433295 0.33731848]
[1.22431818 0.33732244]
[1.22430342 0.33732636]
[1.22429347 0.33732937]
[1.22428354 0.3373324 ]
[1.22427617 0.33733297]
[1.22426881 0.33733355]
[1.22425683 0.33732768]
[1.22424484 0.33732186]
[1.2242392  0.33732046]
[1.22423357 0.33731906]
[1.22421619 0.33731548]
[1.22419881 0.33731187]
[1.22419198 0.33731166]
[1.22418515 0.33731144]
[1.22417727 0.33730975]
[1.22416938 0.33730806]
[1.19340922 0.32235076]
[1.19340516 0.32235205]
[1.1934011  0.32235334]
[1.1933955  0.32235492]
[1.1933899  0.32235651]
[1.19338529 0.32235933]
[1.19338068 0.32236216]
[1.1933765  0.32236237]
[1.19337232 0.32236259]
[1.19336676 0.32236388]
[1.19336119 0.32236517]
[1.1933555  0.32236423]
[1.19334981 0.3223633 ]
[1.1933453  0.32236534]
[1.1933408  0.32236739]
[1.19331596 0.32235305]
[1.19329114 0.32233873]
[1.19329112 0.32233872]
[1.19329111 0.3223387 ]
[1.193289   0.32233057]
[1.1932869  0.32232243]
[1.19328758 0.32232328]
[1.19328827 0.32232416]
[1.19327411 0.32232849]
[1.19325995 0.32233282]
[1.19325663 0.3223327 ]
[1.19325331 0.32233256]
[1.20788131 0.32967036]
[1.20787714 0.32967168]
[1.20787297 0.32967301]
[1.20786726 0.32967462]
[1.20786156 0.32967623]
[1.20785682 0.32967916]
[1.20785208 0.32968209]
[1.20784941 0.32968223]
[1.20784675 0.32968237]
[1.20784416 0.32968227]
[1.20784157 0.32968216]
[1.20783292 0.32968793]
[1.20782425 0.3296937 ]
[1.20781432 0.32969767]
[1.20780439 0.32970163]
[1.20775286 0.32969732]
[1.20770134 0.32969302]
[1.20767245 0.3296818 ]
[1.20764357 0.32967055]
[1.22630074 0.3307539 ]
[1.22629636 0.33075524]
[1.22629198 0.33075658]
[1.22628602 0.33075822]
[1.22628006 0.33075987]
[1.2262752  0.33076287]
[1.22627033 0.33076586]
[1.22626586 0.33076604]
[1.2262614  0.33076623]
[1.22625542 0.33076761]
[1.22624944 0.33076899]
[1.22624344 0.33076798]
[1.22623744 0.33076697]
[1.22623265 0.33076916]
[1.22622788 0.33077133]
[1.22620367 0.33075727]
[1.22617944 0.33074327]
[1.22617515 0.33073954]
[1.22617087 0.33073581]
[1.22615633 0.33073949]
[1.22614179 0.33074316]
[1.22613267 0.33074539]
[1.22612356 0.33074762]
[1.22611587 0.33074859]
[1.22610817 0.33074957]
[1.22609712 0.3307441 ]
[1.22608607 0.33073863]
[1.22608057 0.3307379 ]
[1.22607506 0.33073716]
[1.22605879 0.33073361]
[1.22604255 0.33073004]
[1.22603549 0.33073036]
[1.22602844 0.33073067]
[1.22602146 0.33072921]
[1.22601449 0.33072774]
[1.19535922 0.31572418]
[1.19535508 0.31572548]
[1.19535094 0.31572678]
[1.19534513 0.3157284 ]
[1.19533931 0.31573002]
[1.19533469 0.31573285]
[1.19533007 0.31573567]
[1.1953257  0.31573587]
[1.19532137 0.31573604]
[1.19531579 0.31573726]
[1.1953102  0.31573849]
[1.1953092  0.31573914]
[1.19530821 0.31573979]
[1.19530028 0.31574565]
[1.19529235 0.31575151]
[1.19528812 0.31575627]
[1.1952839  0.31576102]
[1.19527729 0.3157662 ]
[1.19527067 0.31577138]
[1.1952624  0.31578894]
[1.19525413 0.3158065 ]
[1.19524981 0.31581212]
[1.19524548 0.31581774]
[1.19523541 0.31582574]
[1.19522535 0.31583374]
[1.17415158 0.30881411]
[1.17414763 0.30881533]
[1.17414368 0.30881655]
[1.17413799 0.30881817]
[1.1741323  0.30881979]
[1.17412786 0.30882247]
[1.17412341 0.30882515]
[1.17411911 0.30882523]
[1.1741148  0.30882532]
[1.17410952 0.30882644]
[1.17410424 0.30882756]
[1.17409819 0.30882637]
[1.17409214 0.30882519]
[1.17408785 0.30882693]
[1.17408356 0.30882866]
[1.17408293 0.30882868]
[1.17408231 0.30882869]
[1.17408203 0.30882837]
[1.17408175 0.30882804]
[1.17408102 0.30882874]
[1.17408029 0.30882944]
[1.17407986 0.30882959]
[1.17407942 0.30882973]
[1.17407104 0.30884786]
[1.17406266 0.30886599]
[1.17405574 0.30886773]
[1.17404884 0.30886948]
[1.17404601 0.30887254]
[1.17404317 0.3088756 ]
[1.19235449 0.31815668]
[1.19235038 0.31815795]
[1.19233077 0.31817189]
[1.19205341 0.31821698]
[1.19193375 0.31824626]
[1.19158676 0.31832083]
[1.19129143 0.3185395 ]
[1.19065047 0.31869648]
[1.19035883 0.31868886]
[1.23062376 0.3237423 ]
[1.23062376 0.3237423 ]
[1.23061643 0.32374182]
[1.23061259 0.32374157]
[1.23060961 0.32374136]
[1.23060559 0.32374106]
[1.23060294 0.3237409 ]
[1.23059906 0.32374066]
[1.23059232 0.32374223]
[1.21350078 0.30986069]
[1.21349636 0.30986202]
[1.21347578 0.30987652]
[1.21316089 0.30992753]
[1.21301649 0.30996359]
[1.21263258 0.31004728]
[1.21230817 0.31028371]
[1.21162154 0.31045194]
[1.21130423 0.31044573]
[1.25198318 0.31534984]
[1.25198318 0.31534984]
[1.2519753  0.31534935]
[1.25197118 0.3153491 ]
[1.25196793 0.31534883]
[1.25196782 0.31534883]
[1.25195117 0.31535042]
[1.25193622 0.3153519 ]
[1.25192273 0.31535323]
[1.25191059 0.31535445]
[1.25189966 0.31535552]
[1.25189808 0.31535642]
[1.25188887 0.31535726]
[1.25188061 0.31535809]
[1.2347877  0.30046558]
[1.23478301 0.30046694]
[1.23476135 0.30048199]
[1.23440763 0.30053914]
[1.23423775 0.30058215]
[1.23381557 0.30067539]
[1.23346094 0.30093045]
[1.23272653 0.30111036]
[1.23238241 0.30110563]
[1.27350275 0.30585731]
[1.27350275 0.30585731]
[1.27349403 0.30585676]
[1.27348945 0.30585644]
[1.27348576 0.30585617]
[1.27348496 0.30585621]
[1.27348036 0.30585481]
[1.27342762 0.30585744]
[1.27338502 0.30585312]
[1.27325836 0.30585357]
[1.27314454 0.30585401]
[1.27304237 0.3058544 ]
[1.27298021 0.30584449]
[1.25043358 0.2934026 ]
[1.2504123  0.29340486]
[1.25025771 0.29346846]
[1.24990219 0.29356983]
[1.2497163  0.29376015]
[1.2492689  0.29380535]
[1.24900306 0.29411984]
[1.24843234 0.29441937]
[1.24814489 0.29453758]
[1.24762679 0.29447758]
[1.24735695 0.29444049]
[1.24692128 0.29437731]
[1.24670107 0.29441253]
[1.24641357 0.2946203 ]
[1.24601703 0.29546693]
[1.30703152 0.2948224 ]
[1.30703152 0.2948224 ]
[1.30702179 0.29482176]
[1.30701668 0.29482142]
[1.30701245 0.29482108]
[1.30700701 0.29482067]
[1.30700209 0.29482028]
[1.30699761 0.29481994]
[1.30698777 0.29482269]
[1.2904645  0.28096818]
[1.29043359 0.28097158]
[1.29042092 0.2809758 ]
[1.29026393 0.28100004]
[1.28989075 0.28111504]
[1.28913621 0.28105486]
[1.28875866 0.28089072]
[1.2881047  0.28052659]
[1.28768911 0.28033359]
[1.28703815 0.27999623]
[1.28661705 0.27977467]
[1.28580644 0.27980112]
[1.28541158 0.27992896]
[1.28478373 0.28026718]
[1.28389352 0.28095434]
[1.28387954 0.28095357]
[1.30034309 0.28088147]
[1.30034309 0.28088147]
[1.30033344 0.28088081]
[1.30032833 0.28088047]
[1.3003242  0.28088013]
[1.30031883 0.28087972]
[1.30031537 0.28087951]
[1.30031025 0.28087924]
[1.30030301 0.28088065]
[1.28301444 0.26708603]
[1.28298189 0.26708967]
[1.28280363 0.26716258]
[1.28240689 0.26727827]
[1.28209849 0.26755092]
[1.28145881 0.26773475]
[1.28114915 0.26806485]
[1.28062848 0.26825078]
[1.28030952 0.26849884]
[1.27981844 0.26887782]
[1.27950542 0.26903325]
[1.27949592 0.26904663]
[1.27948905 0.26906226]
[1.27949248 0.26906295]
[1.27947857 0.26908115]
[1.27948754 0.26907893]
[1.31634477 0.27421204]
[1.31634477 0.27421204]
[1.31633451 0.27421134]
[1.31632916 0.27421098]
[1.31632483 0.27421063]
[1.31631917 0.2742102 ]
[1.31631553 0.27420995]
[1.31631008 0.27420959]
[1.31630306 0.27421082]
[1.29899707 0.26044434]
[1.29895855 0.26044868]
[1.29892006 0.260453  ]
[1.29888412 0.26045367]
[1.2988482  0.26045435]
[1.29871327 0.26052832]
[1.29857844 0.26060218]
[1.29854209 0.26057056]
[1.29850573 0.26053896]
[1.2983789  0.26067366]
[1.2982522  0.26080821]
[1.29820085 0.26072263]
[1.29814947 0.2606372 ]
[1.29804799 0.26081754]
[1.29794671 0.26099746]
[1.29789088 0.26101972]
[1.29783506 0.26104201]
[1.29780052 0.26116731]
[1.29776603 0.26129229]
[1.29772615 0.26131575]
[1.29768632 0.26133919]
[1.29759147 0.26139149]
[1.29749686 0.26144356]
[1.29750746 0.2614842 ]
[1.29751797 0.26152482]
[1.2974958  0.26155006]
[1.29747361 0.26157535]
[1.2974562 0.2615761]
[1.29743878 0.26157697]
[1.29741833 0.26159826]
[1.29739788 0.26161955]
[1.29737989 0.26163049]
[1.29736188 0.26164144]
[1.34882328 0.24790491]
[1.34877566 0.24791048]
[1.34872806 0.24791606]
[1.34871324 0.24789984]
[1.34869845 0.24788365]
[1.34859307 0.24793688]
[1.34848769 0.24799009]
[1.3484489 0.2479699]
[1.34841014 0.24794974]
[1.34829314 0.24809332]
[1.34817618 0.24823681]
[1.34813207 0.24824298]
[1.34808797 0.24824919]
[1.34802596 0.24829753]
[1.34796399 0.2483458 ]
[1.34790797 0.24830266]
[1.34785198 0.2482596 ]
[1.34779203 0.24829186]
[1.34773217 0.24832401]
[1.3476594  0.24836911]
[1.34758665 0.24841413]
[1.34754182 0.24844195]
[1.34749702 0.24846982]
[1.34744355 0.24850609]
[1.3473901  0.24854234]
[1.34735733 0.24855783]
[1.34732454 0.24857336]
[1.34729642 0.24855224]
[1.34726831 0.24853123]
[1.34725195 0.24852043]
[1.34723556 0.2485097 ]
[1.34721486 0.24851579]
[1.3471941  0.24852191]
[1.39856445 0.23997002]
[1.39850681 0.23997695]
[1.39844918 0.23998387]
[1.39839622 0.23998464]
[1.39834328 0.2399854 ]
[1.39830293 0.23999383]
[1.39826258 0.24000225]
[1.39823469 0.24001888]
[1.39820681 0.24003551]
[1.39815939 0.23999698]
[1.398112   0.23995849]
[1.39807593 0.24000637]
[1.39803987 0.24005425]
[1.39799    0.23997289]
[1.39794016 0.23989156]
[1.39790108 0.23994023]
[1.39786201 0.23998883]
[1.39777593 0.23988909]
[1.39768993 0.23978948]
[1.39767859 0.23979554]
[1.39766725 0.23980161]
[1.39765705 0.23980409]
[1.39764685 0.23980656]
[1.39764817 0.23981066]
[1.39764943 0.23981471]
[1.39764261 0.23981858]
[1.39763579 0.23982245]
[1.43095288 0.25968387]
[1.4308889 0.2596917]
[1.43082494 0.25969954]
[1.43077566 0.25970955]
[1.43072637 0.25971957]
[1.43069616 0.25971139]
[1.43066596 0.2597032 ]
[1.43061273 0.25975746]
[1.4305595  0.25981169]
[1.43051125 0.25982155]
[1.43046298 0.25983143]
[1.43040176 0.25981356]
[1.43034058 0.25979574]
[1.43028463 0.25979403]
[1.43022866 0.25979233]
[1.43018315 0.25981859]
[1.43013765 0.25984485]
[1.43006035 0.2598003 ]
[1.42998312 0.2597558 ]
[1.42989871 0.25979962]
[1.42981441 0.25984334]
[1.42975527 0.25978414]
[1.42969618 0.2597251 ]
[1.42965361 0.25972386]
[1.42961108 0.25972259]
[1.42957337 0.2596958 ]
[1.42953566 0.25966911]
[1.42948951 0.2596855 ]
[1.42944339 0.25970186]
[1.42937104 0.25956279]
[1.42929882 0.25942414]
[1.42929234 0.25932894]
[1.42928582 0.25923414]
[1.36554595 0.26578989]
[1.36549558 0.26579583]
[1.3654453 0.2658018]
[1.36539889 0.26580243]
[1.3653525  0.26580306]
[1.36520825 0.26588073]
[1.36506414 0.26595829]
[1.36498704 0.26598604]
[1.36491    0.26601378]
[1.36473688 0.26601254]
[1.36456408 0.26601132]
[1.3644818  0.26602659]
[1.36439959 0.26604183]
[1.36421316 0.26613564]
[1.36402714 0.26622927]
[1.36392725 0.26625708]
[1.3638275 0.2662849]
[1.36365668 0.26637169]
[1.36348631 0.26645832]
[1.36339107 0.26649223]
[1.36329597 0.26652607]
[1.36314216 0.26660436]
[1.36298903 0.26668226]
[1.36293757 0.26670608]
[1.36288601 0.26672997]
[1.40332084 0.27227646]
[1.4032651  0.27228307]
[1.40320937 0.27228968]
[1.40315828 0.27229026]
[1.40310719 0.27229084]
[1.40294667 0.27237681]
[1.40278631 0.27246265]
[1.40273292 0.27248359]
[1.40267955 0.27250454]
[1.4025179  0.27249075]
[1.40235636 0.27247697]
[1.40226708 0.27249168]
[1.402178  0.2725064]
[1.40198768 0.2726079 ]
[1.40179777 0.27270918]
[1.40172639 0.27272322]
[1.40165506 0.27273723]
[1.40150171 0.27282239]
[1.40134872 0.27290743]
[1.40127487 0.27293328]
[1.4012011  0.27295912]
[1.40108478 0.27305558]
[1.40096866 0.27315175]
[1.40090097 0.27322363]
[1.40083339 0.2732954 ]
[1.40072542 0.2734567 ]
[1.40061765 0.27361755]
[1.34754523 0.27581862]
[1.34750042 0.27582381]
[1.34745563 0.27582896]
[1.34741403 0.27582986]
[1.34737249 0.27583075]
[1.34721933 0.27591338]
[1.34706632 0.275996  ]
[1.34702042 0.27598045]
[1.34697452 0.27596491]
[1.34681466 0.27613633]
[1.34665495 0.27630756]
[1.34659614 0.27633361]
[1.34653735 0.27635965]
[1.34643616 0.27643536]
[1.34633507 0.27651096]
[1.3462761  0.27649464]
[1.34621715 0.27647831]
[1.34611602 0.27653902]
[1.3460151 0.2765996]
[1.34594554 0.27664411]
[1.34587602 0.27668855]
[1.34584121 0.27670069]
[1.34580651 0.27671285]
[1.34579675 0.27671938]
[1.345787  0.2767259]
[1.3457696  0.27673328]
[1.3457522  0.27674064]
[1.34573992 0.27674557]
[1.34572765 0.27675048]
[1.34571673 0.27675528]
[1.34570582 0.2767601 ]
[1.35265194 0.27579576]
[1.35260648 0.27580102]
[1.35256105 0.27580629]
[1.3525472  0.27579036]
[1.35253336 0.27577444]
[1.35243051 0.27582642]
[1.3523277  0.27587838]
[1.35229039 0.27585854]
[1.35225311 0.27583872]
[1.35213075 0.27598851]
[1.35200853 0.27613817]
[1.35196339 0.27615733]
[1.35191823 0.2761765 ]
[1.35184685 0.27623476]
[1.35177557 0.27629286]
[1.35172426 0.27627508]
[1.35167294 0.27625741]
[1.3515988  0.27630223]
[1.35152479 0.27634694]
[1.35146533 0.27638555]
[1.35140588 0.27642415]
[1.35135476 0.27646268]
[1.35130374 0.27650108]
[1.35125902 0.27653235]
[1.35121434 0.27656359]
[1.35116768 0.27659577]
[1.35112099 0.27662793]
[1.35108957 0.27664174]
[1.35105817 0.27665555]
[1.35103095 0.27666984]
[1.3510037  0.27668416]
[1.35097505 0.27671572]
[1.35094642 0.27674713]
[1.40180436 0.26722892]
[1.40174912 0.26723547]
[1.4016939  0.26724201]
[1.401643   0.26724271]
[1.40159214 0.2672434 ]
[1.40143414 0.2673278 ]
[1.40127628 0.2674121 ]
[1.40118867 0.26744328]
[1.40110113 0.2674744 ]
[1.40092468 0.26747569]
[1.40074856 0.267477  ]
[1.40065519 0.26749476]
[1.40056188 0.26751252]
[1.40038171 0.26760161]
[1.40020193 0.2676905 ]
[1.40009294 0.2677199 ]
[1.39998413 0.26774933]
[1.39981311 0.26783519]
[1.39964265 0.26792071]
[1.39957055 0.26794138]
[1.39949861 0.26796193]
[1.39934975 0.26803822]
[1.39920144 0.26811421]
[1.40532108 0.26690184]
[1.40526534 0.2669085 ]
[1.40520966 0.2669151 ]
[1.40515836 0.26691575]
[1.4051071  0.26691643]
[1.40494752 0.26700156]
[1.40478808 0.26708655]
[1.40469968 0.26711797]
[1.40461136 0.26714934]
[1.40460538 0.26714827]
[1.40459941 0.26714721]
[1.4045964  0.26714646]
[1.40459339 0.26714571]
[1.40457027 0.26713733]
[1.40454717 0.26712896]
[1.40453817 0.26712522]
[1.40452917 0.26712147]
[1.40450757 0.26711536]
[1.40448598 0.2671092 ]
[1.40447664 0.26710476]
[1.4044673  0.26710033]
[1.40032653 0.26542633]
[1.40027115 0.26543292]
[1.40021582 0.26543954]
[1.40016483 0.26544027]
[1.40011387 0.265441  ]
[1.4000982  0.26545424]
[1.40008254 0.26546748]
[1.40003691 0.26547003]
[1.39999125 0.26547261]
[1.3999585  0.26549828]
[1.39992571 0.26552391]
[1.39987172 0.26547444]
[1.39981779 0.26542504]
[1.3997401  0.26541993]
[1.39966255 0.26541484]
[1.39958656 0.26541813]
[1.39951068 0.26542137]
[1.39939613 0.26542049]
[1.39928183 0.26541957]
[1.4310134  0.27597121]
[1.43095301 0.27597846]
[1.4308927  0.27598572]
[1.43079303 0.27599308]
[1.43069347 0.27600046]
[1.43065307 0.27598877]
[1.43061268 0.27597708]
[1.430522   0.27597165]
[1.43043137 0.27596621]
[1.43033767 0.27596089]
[1.43024411 0.2759556 ]
[1.43012501 0.27601537]
[1.43000606 0.27607501]
[1.42996936 0.27608836]
[1.42993269 0.2761017 ]
[1.42993005 0.27610758]
[1.4299274  0.27611347]
[1.42992526 0.27611466]
[1.42992312 0.27611584]
[1.42991769 0.27611339]
[1.42991225 0.27611094]
[1.42991088 0.27611181]
[1.42990951 0.27611269]
[1.42990588 0.27611341]
[1.42990226 0.27611413]
[1.4347184  0.27663846]
[1.43465819 0.2766457 ]
[1.43443595 0.27673532]
[1.433973   0.27687536]
[1.43369827 0.27704781]
[1.43316901 0.27713936]
[1.43285042 0.27754614]
[1.43228263 0.2777702 ]
[1.43190288 0.27774262]
[1.43139885 0.27794239]
[1.43108351 0.27814506]
[1.4306305  0.27859191]
[1.43033596 0.27883467]
[1.43033635 0.27883407]
[1.44415133 0.27624515]
[1.44415133 0.27624515]
[1.4440876  0.27623166]
[1.44405413 0.27622456]
[1.44403196 0.27621999]
[1.44400256 0.27621404]
[1.44398281 0.27620988]
[1.44395709 0.27620523]
[1.44392907 0.27620287]
[1.44390148 0.27619943]
[1.44387667 0.2761964 ]
[1.4438544  0.27619364]
[1.44383234 0.27619467]
[1.42035738 0.25890241]
[1.42029632 0.25890972]
[1.42007114 0.25900015]
[1.41960311 0.25914129]
[1.41932494 0.25931563]
[1.41878945 0.25940798]
[1.41846627 0.25981976]
[1.41846033 0.25980276]
[1.41844765 0.25980785]
[1.41844092 0.25980833]
[1.41841175 0.25982735]
[1.41831059 0.25986642]
[1.45627648 0.25542862]
[1.45627648 0.25542862]
[1.45620246 0.2554129 ]
[1.45616362 0.25540465]
[1.45613785 0.25539917]
[1.45610389 0.25539229]
[1.45608119 0.25538727]
[1.45605179 0.25538188]
[1.45601433 0.25537968]
[1.45598162 0.25537575]
[1.45595223 0.25537221]
[1.45592585 0.25536907]
[1.45590214 0.25536618]
[1.43387408 0.23781842]
[1.43380621 0.23782663]
[1.43356587 0.23792312]
[1.43307004 0.23807405]
[1.43282503 0.23823469]
[1.43243518 0.23877772]
[1.43221619 0.23903382]
[1.43189343 0.23949611]
[1.4317114 0.2396499]
[1.43142675 0.23993122]
[1.4312445  0.24009185]
[1.430946  0.2403585]
[1.43076146 0.24053225]
[1.48819643 0.22481207]
[1.48819643 0.22481207]
[1.48810294 0.22479238]
[1.48805378 0.22478201]
[1.48802106 0.22477507]
[1.48801726 0.22477583]
[1.48801347 0.22477659]
[1.48801344 0.22477552]
[1.47801928 0.21757523]
[1.47793978 0.21758511]
[1.47767673 0.21769082]
[1.47768548 0.21770666]
[1.47759332 0.21769669]
[1.47757476 0.21773728]
[1.47741134 0.21764321]
[1.47735479 0.21762117]
[1.47712394 0.21746782]
[1.47706721 0.21741053]
[1.47689713 0.21731102]
[1.47682534 0.2172845 ]
[1.47670783 0.21745231]
[1.47670783 0.21745231]
[1.47661675 0.21743309]
[1.47661632 0.21743315]
[1.47661591 0.21743322]
[1.47655278 0.21742924]
[1.4765271  0.21742804]
[1.47650396 0.217427  ]
[1.47648314 0.21742606]
[1.47646445 0.21742523]
[1.47644763 0.21742439]
[1.47643254 0.21742369]
[1.47641891 0.2174231 ]
[1.47640667 0.21742251]
[1.47639567 0.217422  ]
[1.47631649 0.21743181]
[1.47605418 0.2175372 ]
[1.47552215 0.21770166]
[1.47519809 0.21790966]
[1.47459091 0.21802011]
[1.47422327 0.21848691]
[1.47356575 0.21874182]
[1.47314335 0.21913202]
[1.47249049 0.21968329]
[1.47206511 0.21990866]
[1.47130768 0.22007748]
[1.47048602 0.22063441]
[1.52904507 0.21712   ]
[1.52904507 0.21712   ]
[1.52893052 0.21709612]
[1.52891591 0.21709722]
[1.52887019 0.21713743]
[1.52887215 0.21714137]
[1.52861099 0.21711706]
[1.5282884  0.21711443]
[1.5279988  0.21711209]
[1.52773879 0.21710996]
[1.52750533 0.21710807]
[1.52736312 0.21710567]
[1.52734787 0.21710932]
[1.52734605 0.21711115]
[1.52734441 0.21710758]
[1.52733109 0.2171146 ]
[1.5272866  0.21712018]
[1.52722062 0.21712944]
[1.52716132 0.2171377 ]
[1.5034414  0.20520148]
[1.50335314 0.20521244]
[1.50307118 0.20532567]
[1.50250414 0.2055025 ]
[1.50220406 0.20557329]
[1.501637   0.20548177]
[1.50107829 0.20550068]
[1.50009068 0.20526418]
[1.49956228 0.20530827]
[1.49881722 0.20560482]
[1.498265  0.2062018]
[1.49734269 0.20643552]
[1.49686829 0.20643793]
[1.556687  0.2107219]
[1.556687  0.2107219]
[1.55655793 0.21069502]
[1.55649011 0.21068093]
[1.55644483 0.21067115]
[1.55638644 0.21065941]
[1.55634757 0.21065033]
[1.55629741 0.21064114]
[1.55621635 0.21063925]
[1.55615745 0.21063278]
[1.55607083 0.21061628]
[1.55602978 0.21061914]
[1.55560604 0.21047817]
[1.55551579 0.21046167]
[1.55538456 0.21042992]
[1.52227265 0.18843263]
[1.52221409 0.18846057]
[1.52214612 0.18849449]
[1.52184907 0.18854481]
[1.52169401 0.18861449]
[1.52123565 0.18893707]
[1.52096645 0.18921675]
[1.52037628 0.1894698 ]
[1.51999759 0.18948592]
[1.51925908 0.18904275]
[1.51889427 0.188815  ]
[1.51831377 0.18858489]
[1.5179887  0.18838313]
[1.51756485 0.18825094]
[1.51733037 0.18823456]
[1.51708156 0.18817292]
[1.51692674 0.18822048]
[1.59041322 0.18747098]
[1.59038644 0.18747251]
[1.59035968 0.18747406]
[1.59030765 0.18753639]
[1.5902557  0.18759871]
[1.59018933 0.18763052]
[1.59012298 0.18766232]
[1.58988345 0.18788956]
[1.58964433 0.18811647]
[1.58957336 0.18817161]
[1.58950239 0.18822671]
[1.58931763 0.18827441]
[1.58913317 0.18832209]
[1.58904591 0.18837991]
[1.58895869 0.18843769]
[1.5887628  0.18847859]
[1.5885673  0.18851942]
[1.5885397  0.18851044]
[1.58851212 0.18850145]
[1.5885095  0.18850266]
[1.58850689 0.18850387]
[1.57774819 0.18316138]
[1.57763561 0.18317572]
[1.57752308 0.18319003]
[1.57746804 0.18319449]
[1.577413   0.18319897]
[1.57729815 0.18317512]
[1.57718334 0.18315134]
[1.57704241 0.1831571 ]
[1.57690165 0.1831628 ]
[1.57675759 0.18303606]
[1.57661375 0.18290957]
[1.57654073 0.18293703]
[1.57646773 0.18296443]
[1.57630179 0.18296705]
[1.57613607 0.18296969]
[1.57596863 0.18292323]
[1.57580147 0.18287694]
[1.57563774 0.18286139]
[1.57547435 0.1828459 ]
[1.57539173 0.18282295]
[1.57530909 0.18280001]
[1.57517586 0.18282825]
[1.57504295 0.18285641]
[1.57496459 0.18284504]
[1.57488625 0.18283371]
[1.57477673 0.18290131]
[1.57466743 0.18296867]
[1.5745952  0.18295012]
[1.57452299 0.18293161]
[1.57443216 0.18295301]
[1.57434146 0.18297422]
[1.57431653 0.18309827]
[1.57429159 0.18322172]
[1.57428902 0.18324819]
[1.57428627 0.18327456]
[1.57423987 0.1832947 ]
[1.57419363 0.18331479]
[1.5742469  0.18335516]
[1.57429963 0.18339536]
[1.5744502  0.18350221]
[1.57459961 0.18360857]
[1.57467658 0.1837186 ]
[1.57475291 0.18382803]
[1.5788028  0.18324957]
[1.57869095 0.18326375]
[1.57857921 0.18327792]
[1.57847717 0.18328749]
[1.57837516 0.18329706]
[1.57822339 0.18327756]
[1.57807177 0.18325802]
[1.5779291 0.183264 ]
[1.57778659 0.18326992]
[1.57761554 0.18314748]
[1.57744483 0.18302529]
[1.57737308 0.18305318]
[1.57730134 0.18308109]
[1.57713652 0.18308397]
[1.57697191 0.18308688]
[1.57680802 0.18304175]
[1.57664446 0.18299679]
[1.57648216 0.18298162]
[1.57632018 0.1829665 ]
[1.57623873 0.18294381]
[1.57615726 0.18292117]
[1.57602511 0.1829495 ]
[1.57589326 0.18297777]
[1.57581421 0.18297094]
[1.57573522 0.18296414]
[1.57563689 0.18295468]
[1.57553874 0.18294527]
[1.57546565 0.18292652]
[1.57539256 0.18290779]
[1.57538051 0.18293272]
[1.57536833 0.18295752]
[1.57531021 0.18295287]
[1.57525218 0.18294827]
[1.57521901 0.1829529 ]
[1.57518585 0.18295756]
[1.52285224 0.16510632]
[1.52275161 0.16511892]
[1.52265104 0.16513156]
[1.52255828 0.16514014]
[1.52246554 0.16514872]
[1.52233973 0.16513404]
[1.52221403 0.16511935]
[1.52208875 0.16512516]
[1.52196354 0.16513101]
[1.52183045 0.1650466 ]
[1.52169761 0.16496233]
[1.52167725 0.16496563]
[1.5216569  0.16496892]
[1.52164443 0.16499413]
[1.52163196 0.16501934]
[1.52158986 0.1650159 ]
[1.52154777 0.16501246]
[1.5215199  0.16501395]
[1.52149202 0.16501545]
[1.52146123 0.1650376 ]
[1.52143047 0.16505973]
[1.52141241 0.16506828]
[1.52139436 0.16507682]
[1.51691635 0.16166593]
[1.51681651 0.16167846]
[1.51671676 0.16169092]
[1.51665299 0.16170382]
[1.51658924 0.16171672]
[1.51655158 0.16170846]
[1.51651393 0.1617002 ]
[1.51643504 0.16176657]
[1.51635616 0.16183291]
[1.51633621 0.16181383]
[1.51631626 0.16179474]
[1.51630929 0.16181103]
[1.51630233 0.16182732]
[1.51628805 0.1618251 ]
[1.51627377 0.16182287]
[1.5162478  0.16185305]
[1.51622186 0.16188323]
[1.51621418 0.16188945]
[1.5162065  0.16189567]
[1.51620001 0.16190172]
[1.51619352 0.16190777]
[1.51619038 0.16191048]
[1.51618724 0.1619132 ]
[1.51618594 0.16192203]
[1.51618467 0.16193085]
[1.53971936 0.15729473]
[1.53961259 0.1573082 ]
[1.53950587 0.15732171]
[1.53940706 0.15733098]
[1.53930834 0.15734031]
[1.53926063 0.15735856]
[1.53921293 0.1573768 ]
[1.53916532 0.15740622]
[1.53911775 0.1574356 ]
[1.53909319 0.15745084]
[1.53906863 0.15746603]
[1.53901758 0.15744875]
[1.53896659 0.15743153]
[1.5389533  0.15743824]
[1.53894002 0.15744497]
[1.53887687 0.15746466]
[1.53881379 0.15748433]
[1.53867344 0.15753269]
[1.53853349 0.15758094]
[1.5723771  0.16039737]
[1.57226409 0.16041181]
[1.57215111 0.16042626]
[1.57204722 0.16043616]
[1.57194336 0.16044603]
[1.5717997  0.16042931]
[1.57165622 0.1604126 ]
[1.57151083 0.16041997]
[1.57136557 0.16042737]
[1.57121245 0.16032918]
[1.57105962 0.16023124]
[1.57088873 0.16019491]
[1.57071808 0.16015868]
[1.57052887 0.16012495]
[1.57034012 0.16009134]
[1.57026999 0.16015858]
[1.57019983 0.1602256 ]
[1.57005546 0.16019627]
[1.56991131 0.16016707]
[1.56985023 0.16020368]
[1.56978906 0.16024023]
[1.6101161  0.17995123]
[1.60998745 0.17996951]
[1.60985889 0.17998778]
[1.60978587 0.17998726]
[1.60971286 0.17998677]
[1.60966637 0.17999707]
[1.60961989 0.18000734]
[1.60951461 0.1800364 ]
[1.6094095  0.18006541]
[1.60936694 0.18007463]
[1.60932443 0.18008378]
[1.60920913 0.18010444]
[1.60909396 0.18012513]
[1.60903676 0.18017957]
[1.60897951 0.18023397]
[1.60887605 0.18015223]
[1.6087727  0.18007062]
[1.60874233 0.1801555 ]
[1.60871187 0.18024018]
[1.60860457 0.18018721]
[1.60849738 0.18013445]
[1.60844925 0.18013663]
[1.60840113 0.18013883]
[1.60829167 0.18005294]
[1.60818244 0.17996734]
[1.59862684 0.17563997]
[1.59850834 0.17565509]
[1.59838987 0.17567023]
[1.59833237 0.17567504]
[1.59827489 0.17567983]
[1.59815874 0.17565683]
[1.59804269 0.17563383]
[1.5978898  0.17564137]
[1.59773704 0.17564889]
[1.59759239 0.17552718]
[1.59744786 0.17540565]
[1.59737653 0.17543564]
[1.59730528 0.17546558]
[1.59714704 0.17544997]
[1.59698898 0.17543437]
[1.59691366 0.17548503]
[1.59683831 0.17553559]
[1.59671073 0.17551188]
[1.59658337 0.17548827]
[1.59652027 0.17551461]
[1.59645713 0.17554082]
[1.63906328 0.19597094]
[1.639011   0.19598305]
[1.63895875 0.19599514]
[1.63890844 0.19599987]
[1.63885816 0.1960046 ]
[1.63877837 0.19597665]
[1.6386986  0.19594872]
[1.63863921 0.1960115 ]
[1.63857983 0.19607427]
[1.63855533 0.19608545]
[1.63853084 0.19609664]
[1.63850914 0.19606192]
[1.63848743 0.1960272 ]
[1.63845748 0.19601778]
[1.63842755 0.19600837]
[1.63839999 0.19601659]
[1.63837238 0.19602481]
[1.63831428 0.19599784]
[1.63825628 0.19597094]
[1.63822876 0.19595789]
[1.63820125 0.19594483]
[1.63814123 0.19592627]
[1.63808125 0.19590775]
[1.63805301 0.1958929 ]
[1.63802478 0.19587808]
[1.63798872 0.19586716]
[1.63795266 0.1958563 ]
[1.60277797 0.17732476]
[1.60274979 0.17732646]
[1.60272162 0.17732815]
[1.6026644 0.1773965]
[1.60260722 0.17746477]
[1.60253526 0.17749962]
[1.60246336 0.1775344 ]
[1.60221396 0.17777045]
[1.60196497 0.17800608]
[1.60189023 0.17806344]
[1.6018155  0.17812079]
[1.60163088 0.17817205]
[1.6014466  0.17822326]
[1.60141516 0.17823011]
[1.60138376 0.17823694]
[1.60134785 0.17822706]
[1.60131193 0.17821718]
[1.60129021 0.17824655]
[1.6012685  0.17827588]
[1.60125757 0.17821532]
[1.60124662 0.17815482]
[1.60121823 0.17813587]
[1.60118984 0.17811693]
[1.60108127 0.17820458]
[1.60097314 0.17829183]
[1.63796705 0.17226908]
[1.6379147  0.17228133]
[1.63786237 0.17229362]
[1.63781034 0.17229849]
[1.63775831 0.17230335]
[1.63768316 0.17227824]
[1.63760806 0.17225315]
[1.63754695 0.17232212]
[1.63748587 0.17239101]
[1.63741048 0.17229086]
[1.63733515 0.17219082]
[1.63727266 0.17222423]
[1.63721019 0.17225763]
[1.63718925 0.17226864]
[1.6371683  0.17227964]
[1.63715188 0.17229448]
[1.63713545 0.17230931]
[1.63709927 0.17232061]
[1.63706308 0.17233193]
[1.63704285 0.17234644]
[1.63702267 0.17236098]
[1.66546246 0.18597696]
[1.66540891 0.18598955]
[1.66535538 0.18600218]
[1.66530331 0.18600718]
[1.66525125 0.18601219]
[1.66517252 0.18598515]
[1.66509383 0.18595817]
[1.66503367 0.18602257]
[1.66497351 0.18608697]
[1.66489289 0.18597339]
[1.66481232 0.18585991]
[1.66474175 0.18596102]
[1.66467116 0.18606198]
[1.66461501 0.18581589]
[1.66455889 0.18557039]
[1.66450599 0.18562959]
[1.6644531  0.18568858]
[1.6643676  0.18558274]
[1.66428226 0.1854773 ]
[1.66423532 0.18552613]
[1.66418834 0.18557484]
[1.66412949 0.18526562]
[1.66407079 0.18495737]
[1.66403569 0.18488559]
[1.66400058 0.18481396]
[1.66399126 0.18482087]
[1.66398194 0.18482777]
[1.6639793  0.18483074]
[1.66397665 0.18483372]
[1.66397295 0.18484169]
[1.66396923 0.18484964]
[1.66397162 0.18485203]
[1.663974   0.18485442]
[1.63005894 0.14650815]
[1.62998069 0.14652292]
[1.62967098 0.1465571 ]
[1.62951653 0.14661136]
[1.62944709 0.14664177]
[1.62941804 0.1466546 ]
[1.62939504 0.14666624]
[1.62937903 0.14668105]
[1.6293664  0.14668963]
[1.62932429 0.14667406]
[1.62930531 0.14666754]
[1.62924411 0.1465781 ]
[1.62922102 0.14656251]
[1.6291584 0.1465213]
[1.62913445 0.14648624]
[1.62909443 0.14639248]
[1.62907742 0.14634688]
[1.66546858 0.16201734]
[1.66544996 0.16203534]
[1.66538013 0.16205238]
[1.66532464 0.16206359]
[1.66518812 0.16209174]
[1.66499428 0.16212867]
[1.66490938 0.16214639]
[1.66487718 0.16220895]
[1.66474182 0.16221323]
[1.66471947 0.16219513]
[1.66467984 0.16221516]
[1.66455128 0.16221734]
[1.66434549 0.16214111]
[1.66410211 0.16209425]
[1.63846781 0.14822645]
[1.63834695 0.14824179]
[1.63799824 0.14838329]
[1.63731591 0.14860492]
[1.63687865 0.14890264]
[1.63609989 0.14905845]
[1.63556942 0.14944782]
[1.63457269 0.14960637]
[1.63402137 0.15012246]
[1.63319165 0.15103875]
[1.63272145 0.15149303]
[1.63207898 0.15222639]
[1.63165706 0.15267312]
[1.68996027 0.14552651]
[1.68996027 0.14552651]
[1.68976529 0.14548705]
[1.68974449 0.14548129]
[1.68967468 0.14545982]
[1.68963606 0.14545142]
[1.68958185 0.14544114]
[1.68953067 0.14542407]
[1.68952998 0.14543475]
[1.68943975 0.14540555]
[1.68935867 0.14537931]
[1.68933371 0.14536891]
[1.68925996 0.14534638]
[1.68922413 0.14537559]
[1.68915028 0.14536232]
[1.68911459 0.14536817]
[1.68908557 0.14536281]
[1.68894172 0.14541464]
[1.68891398 0.14541577]
[1.68885923 0.14542867]
[1.68864157 0.14557147]
[1.68811313 0.14579853]
[1.68780875 0.14611056]
[1.68715934 0.14626961]
[1.68676518 0.14667576]
[1.68588782 0.14683643]
[1.6854442  0.14738386]
[1.68470713 0.14835153]
[1.68426051 0.14892976]
[1.68351267 0.14986522]
[1.68301647 0.15007893]
[1.68301647 0.15007893]
[1.68282594 0.15004054]
[1.68272583 0.15002034]
[1.68265923 0.1500065 ]
[1.68257248 0.14998973]
[1.68251435 0.14997726]
[1.68248216 0.14996456]
[1.68238552 0.14996168]
[1.68235699 0.14995341]
[1.68213112 0.14989312]
[1.68198891 0.14987268]
[1.68192767 0.14985647]
[1.68180312 0.14984173]
[1.68169125 0.14982843]
[1.64902068 0.1304261 ]
[1.64896647 0.13043873]
[1.6487492  0.13057906]
[1.64822542 0.13080077]
[1.6479232  0.13110582]
[1.6472812  0.13126048]
[1.64691078 0.13154281]
[1.6461787  0.13211088]
[1.64584198 0.13260011]
[1.64521242 0.13339623]
[1.64493288 0.13418342]
[1.64453989 0.1353545 ]
[1.64453989 0.1353545 ]
[1.64436801 0.13531951]
[1.64427772 0.13530114]
[1.64421765 0.13528863]
[1.64413914 0.13527338]
[1.64408655 0.13526219]
[1.64401818 0.13525033]
[1.64392703 0.13524627]
[1.64391332 0.13523836]
[1.64368584 0.13518125]
[1.64356684 0.13516386]
[1.64344047 0.13516469]
[1.64331189 0.13515392]
[1.64319641 0.1351442 ]
[1.613343  0.1161718]
[1.61321875 0.11618728]
[1.61285782 0.11633208]
[1.61215725 0.11655792]
[1.61170603 0.11686385]
[1.61090394 0.11702257]
[1.61035564 0.1174221 ]
[1.61034261 0.11743546]
[1.61030857 0.11740388]
[1.61029567 0.11739083]
[1.61021306 0.1174076 ]
[1.61012145 0.11764209]
[1.65075572 0.11491265]
[1.65075572 0.11491265]
[1.65057737 0.1148761 ]
[1.65048367 0.1148569 ]
[1.65042135 0.1148439 ]
[1.65033973 0.11482789]
[1.65028496 0.11481624]
[1.65021379 0.11480386]
[1.6501754  0.11479509]
[1.65010774 0.11478428]
[1.65006861 0.11477554]
[1.65002459 0.11476313]
[1.65000222 0.1147567 ]
[1.62048081 0.09828625]
[1.62034935 0.09830255]
[1.62028424 0.09830778]
[1.61999664 0.09834994]
[1.61984654 0.09849638]
[1.61953817 0.09896829]
[1.61937625 0.0993611 ]
[1.61901547 0.09973854]
[1.61825285 0.10057434]
[1.61718273 0.10171702]
[1.61648522 0.10290911]
[1.61549426 0.10452744]
[1.61467582 0.10571358]
[1.61373296 0.1064709 ]
[1.61313858 0.1066701 ]
[1.61225719 0.10663106]
[1.61225719 0.10663106]
[1.61223759 0.10662877]
[1.61222729 0.10662755]
[1.61221807 0.10662645]
[1.61220969 0.10662549]
[1.61211349 0.10660186]
[1.61208239 0.10659541]
[1.61205449 0.10658969]
[1.61202939 0.10658453]
[1.6120068  0.10657982]
[1.61198647 0.10657564]
[1.61196819 0.10657186]
[1.61195174 0.10656844]
[1.61193697 0.10656532]
[1.6119237  0.10656256]
[1.61179569 0.10657835]
[1.61142528 0.1067263 ]
[1.61070754 0.10695728]
[1.61024379 0.10727158]
[1.60941483 0.10743385]
[1.60884697 0.10784465]
[1.60778134 0.10800918]
[1.60718466 0.10856154]
[1.60629097 0.10953285]
[1.60578367 0.11001838]
[1.60509088 0.11079947]
[1.6046349  0.11127616]
[1.66489697 0.10382414]
[1.66489335 0.1038247 ]
[1.66487909 0.10382755]
[1.66487429 0.10382968]
[1.66485839 0.10383221]
[1.66484406 0.10383448]
[1.66483117 0.10383653]
[1.66481963 0.10383835]
[1.66480919 0.10384001]
[1.66479983 0.1038415 ]
[1.66479142 0.10384285]
[1.66478382 0.10384407]
[1.66472477 0.10385768]
[1.66466574 0.10387127]
[1.66461781 0.10387905]
[1.66456987 0.10388683]
[1.66453284 0.10386148]
[1.6644958  0.10383613]
[1.66446962 0.10385141]
[1.66444344 0.10386667]
[1.66438715 0.10380157]
[1.66433092 0.10373649]
[1.66430714 0.10375011]
[1.66428338 0.10376372]
[1.66426815 0.10377746]
[1.66425293 0.1037912 ]
[1.6642137  0.10380598]
[1.6641745  0.10382076]
[1.66414823 0.10384132]
[1.66412198 0.10386185]
[1.66407385 0.10386382]
[1.66402574 0.10386577]
[1.66400922 0.10386713]
[1.66399268 0.10386849]
[1.66394924 0.10389327]
[1.66390582 0.10391803]
[1.59783811 0.10049054]
[1.59777523 0.10049856]
[1.59771237 0.10050657]
[1.5976913  0.10051274]
[1.59767025 0.10051891]
[1.59761013 0.10052763]
[1.59755004 0.10053634]
[1.59752212 0.10054673]
[1.5974942  0.10055711]
[1.59745234 0.10058343]
[1.5974105  0.10060974]
[1.59734013 0.10066522]
[1.59726983 0.10072065]
[1.59726641 0.10072245]
[1.59726298 0.10072425]
[1.59725962 0.10072296]
[1.59725626 0.10072166]
[1.59722714 0.10071617]
[1.59719805 0.1007107 ]
[1.59716441 0.1007104 ]
[1.5971308  0.10071008]
[1.59713058 0.10071123]
[1.59713035 0.10071237]
[1.59713883 0.10072006]
[1.59714731 0.10072774]
[1.5971393  0.10071257]
[1.5971313  0.10069744]
[1.59712323 0.10069783]
[1.59711519 0.10069825]
[1.59711186 0.10069927]
[1.59710858 0.10070032]
[1.5971011  0.10069856]
[1.59709366 0.1006968 ]
[1.57229492 0.09141791]
[1.5721727  0.09143276]
[1.57205056 0.09144756]
[1.57199141 0.09145255]
[1.57193223 0.09145753]
[1.57181582 0.09143432]
[1.57169945 0.09141118]
[1.57154595 0.09141854]
[1.57139262 0.09142587]
[1.57124656 0.09130071]
[1.57110072 0.09117574]
[1.57102896 0.09120823]
[1.57095723 0.0912407 ]
[1.57078466 0.09122428]
[1.57061234 0.0912079 ]
[1.57053525 0.0912569 ]
[1.57045812 0.09130583]
[1.57033719 0.09128497]
[1.5702164  0.09126417]
[1.57015355 0.09130624]
[1.57009073 0.09134822]
[1.61405526 0.11223497]
[1.61399857 0.11224766]
[1.61394188 0.11226036]
[1.61389017 0.11226554]
[1.61383848 0.11227071]
[1.61375618 0.11224205]
[1.61367389 0.11221341]
[1.61361065 0.11228153]
[1.61354743 0.11234966]
[1.6134621  0.11222729]
[1.61337686 0.11210502]
[1.61330457 0.11220384]
[1.61323226 0.11230259]
[1.61317422 0.11204165]
[1.61311621 0.11178127]
[1.61304647 0.11192458]
[1.61297674 0.11206752]
[1.61294101 0.11201958]
[1.6129053  0.11197167]
[1.61287126 0.11191781]
[1.61283728 0.11186395]
[1.61281845 0.11186701]
[1.61279964 0.11187003]
[1.6085911  0.10816206]
[1.60853462 0.10817473]
[1.60847818 0.10818738]
[1.60842654 0.10819255]
[1.60837492 0.1081977 ]
[1.60829308 0.1081693 ]
[1.6082113  0.10814095]
[1.60814805 0.10820941]
[1.60807528 0.1082783 ]
[1.60795364 0.10815916]
[1.60783203 0.1080402 ]
[1.60780217 0.10805788]
[1.6077723  0.10807556]
[1.60775284 0.10806189]
[1.60773339 0.10804821]
[1.60771145 0.1081246 ]
[1.60768952 0.10820095]
[1.60764019 0.10818997]
[1.6075909  0.10817901]
[1.60756319 0.10825101]
[1.60753547 0.10832295]
[1.60751447 0.10834429]
[1.60749348 0.10836563]
[1.60747419 0.10837851]
[1.60745485 0.1083914 ]
[1.5548555  0.10154988]
[1.55473863 0.10156406]
[1.55462186 0.10157828]
[1.55455616 0.10159424]
[1.55449053 0.1016102 ]
[1.55445532 0.10162734]
[1.55442012 0.10164448]
[1.5543291  0.10158123]
[1.55423812 0.10151799]
[1.55420336 0.10149912]
[1.5541686  0.10148026]
[1.55414731 0.10148376]
[1.55412602 0.10148725]
[1.55408763 0.10149529]
[1.55404926 0.10150332]
[1.55402424 0.10150481]
[1.55399923 0.1015063 ]
[1.55395868 0.10149417]
[1.55391817 0.10148203]
[1.55387801 0.10148828]
[1.55383788 0.10149451]
[1.55381112 0.10150453]
[1.55378436 0.10151456]
[1.55375097 0.10149901]
[1.55371765 0.10148349]
[1.55371404 0.10146461]
[1.55371032 0.10144577]
[1.55369423 0.10144327]
[1.55367815 0.10144077]
[1.60334825 0.12274614]
[1.60321777 0.12276228]
[1.60308743 0.12277842]
[1.60302404 0.12278384]
[1.60296067 0.12278926]
[1.60283761 0.12276521]
[1.60271463 0.12274119]
[1.60264294 0.1228134 ]
[1.60257129 0.12288554]
[1.60245468 0.12277486]
[1.60233815 0.12266426]
[1.60226664 0.12268997]
[1.60219514 0.12271559]
[1.60204761 0.12272095]
[1.60190023 0.12272628]
[1.60182554 0.1227699 ]
[1.60175088 0.12281344]
[1.60164045 0.12280249]
[1.60153011 0.12279156]
[1.6014676  0.12282569]
[1.60140505 0.12285965]
[1.64636496 0.14423149]
[1.64630686 0.14424452]
[1.64624876 0.14425754]
[1.64619495 0.14426273]
[1.64614114 0.14426792]
[1.64605713 0.14423884]
[1.64597312 0.14420981]
[1.64591026 0.14427484]
[1.64584738 0.14433986]
[1.64575823 0.1442088 ]
[1.64566916 0.14407785]
[1.64559992 0.14415993]
[1.6455307  0.14424199]
[1.6454713 0.1439667]
[1.64541193 0.14369201]
[1.64535691 0.14373808]
[1.64530203 0.14378388]
[1.6452205  0.14367621]
[1.64513907 0.14356882]
[1.64508798 0.14363209]
[1.6450369 0.1436951]
[1.64498362 0.143418  ]
[1.6449304  0.14314178]
[1.64489237 0.14310055]
[1.64485441 0.14305941]
[1.64479541 0.14289112]
[1.64473647 0.14272352]
[1.64470059 0.14267388]
[1.64466477 0.14262433]
[1.6445329  0.14255335]
[1.64440159 0.14248258]
[1.6443572  0.14252838]
[1.64431293 0.14257387]
[1.64428107 0.14254484]
[1.64424932 0.14251587]
[1.64421676 0.14246203]
[1.64418432 0.14240836]
[1.64421383 0.14239445]
[1.64424316 0.14238046]
[1.5724356  0.08252127]
[1.57231368 0.08253618]
[1.57219179 0.08255108]
[1.57213214 0.08255568]
[1.57207251 0.08256026]
[1.57195917 0.08253829]
[1.5718459  0.08251636]
[1.57169474 0.08252391]
[1.57154375 0.08253145]
[1.57153117 0.08252798]
[1.5715186 0.0825245]
[1.57150573 0.08252532]
[1.57149287 0.08252615]
[1.57148138 0.08252813]
[1.57146989 0.08253012]
[1.57145252 0.08253179]
[1.57143516 0.08253344]
[1.57142453 0.08253485]
[1.57141391 0.08253626]
[1.57139591 0.08253313]
[1.57137791 0.08253001]
[1.57137612 0.08253065]
[1.57137432 0.08253129]
[1.57137206 0.0825329 ]
[1.5713698  0.08253452]
[1.56225551 0.08009021]
[1.56213413 0.08010511]
[1.56201279 0.08011998]
[1.56195333 0.08012457]
[1.56189386 0.08012917]
[1.56189351 0.08012924]
[1.56189316 0.0801293 ]
[1.56188312 0.08011997]
[1.56187307 0.08011064]
[1.561865   0.08010609]
[1.56185692 0.08010154]
[1.56183667 0.08010443]
[1.56181643 0.08010731]
[1.56180018 0.08010477]
[1.56178392 0.08010224]
[1.56177052 0.08010211]
[1.56175712 0.08010199]
[1.56169378 0.080058  ]
[1.56163051 0.08001405]
[1.56161288 0.08003881]
[1.56159522 0.08006355]
[1.56148295 0.08003137]
[1.56137083 0.0799992 ]
[1.56133761 0.07999327]
[1.56130441 0.07998736]
[1.56117548 0.07996248]
[1.5610467  0.07993766]
[1.56099517 0.07993102]
[1.56094371 0.07992438]
[1.60217266 0.10159941]
[1.60204319 0.10161542]
[1.60191382 0.10163144]
[1.60185111 0.10163646]
[1.60178842 0.10164151]
[1.60166545 0.10161742]
[1.60154256 0.10159335]
[1.60147018 0.10166739]
[1.60139776 0.1017414 ]
[1.60128493 0.10163777]
[1.60117214 0.10153422]
[1.60108947 0.10164316]
[1.60100684 0.10175199]
[1.60091163 0.10172063]
[1.6008165  0.10168938]
[1.60080683 0.10165919]
[1.60079718 0.10162899]
[1.60078663 0.10164729]
[1.60077608 0.10166558]
[1.60075143 0.10167216]
[1.60072679 0.10167876]
[1.60071068 0.1017064 ]
[1.6006946  0.10173398]
[1.60067865 0.10173258]
[1.60066268 0.10173124]
[1.60065227 0.10174293]
[1.60064186 0.10175461]
[1.60064823 0.10170912]
[1.60065456 0.10166371]
[1.55852355 0.06332473]
[1.55840663 0.06333886]
[1.55828976 0.06335297]
[1.55818311 0.06336222]
[1.55807647 0.06337146]
[1.55807615 0.06337524]
[1.55807583 0.06337902]
[1.55807583 0.06338079]
[1.55807583 0.06338256]
[1.55807731 0.06339582]
[1.55807878 0.06340907]
[1.55807992 0.06341614]
[1.55808106 0.06342321]
[1.55803318 0.06337695]
[1.55798545 0.06333088]
[1.55798104 0.06332899]
[1.55797664 0.06332714]
[1.55792515 0.06312693]
[1.55787392 0.06292766]
[1.53548439 0.05016552]
[1.53537137 0.05017905]
[1.53525842 0.05019259]
[1.53515501 0.05020149]
[1.53505167 0.05021038]
[1.53504626 0.05021198]
[1.53504085 0.05021358]
[1.53503501 0.05020661]
[1.53502916 0.05019965]
[1.53502529 0.05019768]
[1.53502142 0.05019572]
[1.53499905 0.05020905]
[1.53497669 0.05022237]
[1.53496343 0.05021904]
[1.53495017 0.05021571]
[1.53489831 0.05022783]
[1.53484678 0.05023989]
[1.53481572 0.05025356]
[1.53478465 0.0502672 ]
[1.53477663 0.05026612]
[1.5347686  0.05026505]
[1.53473538 0.05029256]
[1.53470215 0.05032005]
[1.53468905 0.05032309]
[1.53467595 0.05032614]
[1.53465737 0.05034249]
[1.53463878 0.05035881]
[1.53450401 0.05027988]
[1.53437035 0.05020166]
[1.50120297 0.03362419]
[1.50109413 0.03363718]
[1.50098536 0.03365012]
[1.50088515 0.03365868]
[1.50078502 0.03366726]
[1.50066149 0.03365444]
[1.50053804 0.03364164]
[1.50047597 0.03368951]
[1.5004139  0.03373738]
[1.50029641 0.03364472]
[1.5001791  0.03355217]
[1.50001083 0.03356566]
[1.49984282 0.03357912]
[1.49981292 0.03355787]
[1.49978306 0.03353663]
[1.49974336 0.03348385]
[1.49970372 0.03343114]
[1.49965215 0.03338862]
[1.49960063 0.03334615]
[1.49953518 0.0332683 ]
[1.49946985 0.0331906 ]
[1.49943833 0.03317027]
[1.49940683 0.03314998]
[1.49934775 0.03308782]
[1.49928872 0.03302579]
[1.49925936 0.03300309]
[1.49923003 0.03298037]
[1.49914104 0.03297677]
[1.49905225 0.0329732 ]
[1.49898752 0.03293386]
[1.49892294 0.03289464]
[1.4988891  0.03287282]
[1.49885532 0.03285107]
[1.4518985  0.01822121]
[1.45189258 0.01821099]
[1.45155966 0.0180639 ]
[1.45137578 0.01793265]
[1.45083633 0.01761834]
[1.45054518 0.0174837 ]
[1.44997891 0.01718181]
[1.44963241 0.01689418]
[1.44892535 0.01674478]
[1.4485983  0.01668726]
[1.4479464  0.01691058]
[1.4473513  0.01677736]
[1.44626231 0.01660785]
[1.44626231 0.01660785]
[1.44617196 0.01662738]
[1.44612449 0.01663764]
[1.44609287 0.01664458]
[1.44609287 0.01664458]
[1.44609287 0.01664458]
[1.44607704 0.01663944]
[1.44607125 0.01663757]
[1.446066  0.0166359]
[1.44606237 0.01663125]
[1.44605909 0.01662708]
[1.44605615 0.01662332]
[1.44605352 0.01661996]
[1.44605111 0.01661691]
[1.44604896 0.01661418]
[1.44595432 0.01660319]
[1.4456319  0.01647732]
[1.44496822 0.01627882]
[1.44453875 0.01600536]
[1.44378622 0.01586959]
[1.44325867 0.01550522]
[1.44227688 0.0153635 ]
[1.44173896 0.0148853 ]
[1.44091072 0.0140001 ]
[1.44043004 0.01355015]
[1.43975977 0.01281056]
[1.43931674 0.01236371]
[1.50128768 0.01895185]
[1.50128768 0.01895185]
[1.501171   0.01897677]
[1.50110961 0.01898986]
[1.50106874 0.01899881]
[1.50101575 0.01900974]
[1.50098041 0.01901803]
[1.50097896 0.01901795]
[1.50097794 0.01901804]
[1.50097089 0.01901206]
[1.50095725 0.01901635]
[1.5009585  0.01901751]
[1.50090999 0.01900604]
[1.50086637 0.01899579]
[1.489216   0.02590624]
[1.48910718 0.02589336]
[1.48904543 0.02588587]
[1.48877625 0.02584433]
[1.48810774 0.02561506]
[1.48681086 0.02498323]
[1.48615808 0.02434257]
[1.48518612 0.02395951]
[1.484623   0.02380565]
[1.48373848 0.02339723]
[1.48317666 0.02289381]
[1.48223568 0.02269819]
[1.4816038  0.02282412]
[1.48069122 0.02290798]
[1.47955256 0.02292246]
[1.47954475 0.02291671]
[1.49746597 0.02262726]
[1.49746597 0.02262726]
[1.49734739 0.02265257]
[1.4972851  0.02266586]
[1.49726462 0.02267101]
[1.49721162 0.02268226]
[1.49716398 0.02269238]
[1.49712115 0.02270145]
[1.49708261 0.02270963]
[1.49704798 0.02271695]
[1.49701684 0.02272355]
[1.49698882 0.02272949]
[1.49696358 0.02273483]
[1.4969409  0.02273963]
[1.4969205  0.02274397]
[1.47640606 0.04124961]
[1.47629654 0.04123673]
[1.47594416 0.04109925]
[1.47522908 0.04088267]
[1.47476209 0.04058247]
[1.47394924 0.04043282]
[1.47337907 0.04003821]
[1.47336678 0.04006529]
[1.47334202 0.04008096]
[1.47333348 0.04010665]
[1.47322259 0.040211  ]
[1.47313883 0.0401063 ]
[1.51526711 0.04974893]
[1.51526006 0.04974601]
[1.51525301 0.04974309]
[1.5152432 0.0497277]
[1.51523122 0.04971752]
[1.51520832 0.04970449]
[1.51518921 0.04969097]
[1.51515691 0.04968721]
[1.51513046 0.04967522]
[1.51510662 0.04966445]
[1.51508517 0.04965478]
[1.51506591 0.04964608]
[1.51504862 0.04963824]
[1.51500324 0.04958899]
[1.51476129 0.04948049]
[1.51472063 0.04910599]
[1.51420826 0.04875535]
[1.51404718 0.04862257]
[1.51350336 0.04825209]
[1.51341232 0.0476252 ]
[1.51301232 0.04725359]
[1.5127962  0.04726928]
[1.51209761 0.04772129]
[1.51186295 0.04803938]
[1.51136157 0.04832241]
[1.51136157 0.04832241]
[1.51122987 0.0483504 ]
[1.51116066 0.04836514]
[1.51111448 0.0483753 ]
[1.51105491 0.04838753]
[1.51101535 0.04839702]
[1.51096414 0.04840665]
[1.51091782 0.0484128 ]
[1.51086638 0.04842005]
[1.51084191 0.04842546]
[1.51079032 0.04843193]
[1.5107439  0.04843779]
[1.48433939 0.06577911]
[1.48422323 0.06576539]
[1.48385439 0.06562188]
[1.48311171 0.06539575]
[1.48262341 0.06508002]
[1.48177431 0.06492289]
[1.48117833 0.06451079]
[1.48007471 0.06434979]
[1.47940155 0.06438711]
[1.47826075 0.06423198]
[1.47765324 0.06425887]
[1.47684864 0.0638218 ]
[1.47633947 0.06337432]
[1.47565567 0.06256481]
[1.47516672 0.06207962]
[1.54315064 0.06596404]
[1.54315064 0.06596404]
[1.54299922 0.0659962 ]
[1.5429197 0.0660131]
[1.54286665 0.06602484]
[1.54279828 0.06603892]
[1.54275293 0.06604991]
[1.54269412 0.06606096]
[1.54263778 0.06606768]
[1.5425782  0.06607603]
[1.54255565 0.06608057]
[1.54250104 0.06608812]
[1.54245191 0.06609484]
[1.51720532 0.08356059]
[1.51715623 0.08351279]
[1.51693374 0.08342043]
[1.51683934 0.08337365]
[1.51648585 0.08316833]
[1.51612626 0.08272084]
[1.51533592 0.08253055]
[1.51505857 0.08215751]
[1.51434062 0.0817476 ]
[1.51392661 0.0803433 ]
[1.51313952 0.07930951]
[1.5128045  0.07887683]
[1.51195146 0.07860315]
[1.51153223 0.07767626]
[1.58021146 0.08849742]
[1.58021146 0.08849742]
[1.58021146 0.08849742]
[1.58021146 0.08849742]
[1.58021146 0.08849742]
[1.58021146 0.08849742]
[1.58021146 0.08849742]
[1.58021146 0.08849742]
[1.58019766 0.08849012]
[1.5801952  0.08848882]
[1.58019305 0.08848766]
[1.58019106 0.08848659]
[1.58018924 0.08848565]
[1.58018769 0.08848484]
[1.58001735 0.08840092]
[1.57954536 0.08822956]
[1.57930659 0.08800309]
[1.57861353 0.08764046]
[1.57822726 0.08671456]
[1.57727459 0.08635708]
[1.57678431 0.08551014]
[1.57586837 0.08487889]
[1.57530453 0.08469036]
[1.57433445 0.08422563]
[1.57375019 0.08447159]
[1.57286642 0.08414968]
[1.57238379 0.08410679]
[1.57123476 0.08399746]
[1.57058023 0.08410948]
[1.64023281 0.09709919]
