[1.20661375 0.94446659]
[1.20661387 0.94446644]
[1.20661439 0.94446676]
[1.20661513 0.94446743]
[1.20661615 0.94446852]
[1.20661739 0.94446997]
[1.20661921 0.94447174]
[1.2066212  0.94447361]
[1.20662335 0.94447565]
[1.20662545 0.94447771]
[1.20662761 0.94447989]
[1.20662969 0.94448229]
[1.20663179 0.94448468]
[1.20663376 0.94448701]
[1.20663561 0.94448903]
[1.20663735 0.94449093]
[1.20663892 0.94449268]
[1.20649154 0.94444972]
[1.2063589  0.94441091]
[1.20623954 0.94437587]
[1.20613176 0.94434432]
[1.20603497 0.94431569]
[1.20594731 0.94428986]
[1.20586863 0.94426583]
[1.2057969  0.94424224]
[1.20573266 0.94422038]
[1.20567395 0.9442007 ]
[1.20562153 0.94418418]
[1.20557347 0.944169  ]
[1.20553058 0.94415433]
[1.20549098 0.94413862]
[1.20545545 0.94412441]
[1.20542342 0.94411156]
[1.20539457 0.9441    ]
[1.20536868 0.94408956]
[1.20534528 0.94408017]
[1.20532441 0.94407167]
[1.20530565 0.94406406]
[1.2052889  0.94405713]
[1.20527373 0.94405085]
[1.20526001 0.94404508]
[1.20524767 0.94403982]
[1.20523655 0.94403492]
[1.2052263  0.94403056]
[1.20521718 0.94402629]
[1.20520846 0.94402252]
[1.20520084 0.94401822]
[1.20519302 0.9440125 ]
[1.20518625 0.94400656]
[1.20517941 0.94400137]
[1.20517377 0.9439978 ]
[1.20516766 0.94399427]
[1.20516248 0.94399157]
[1.20515666 0.94398851]
[1.20515172 0.94398631]
[1.20514606 0.94398702]
[1.20514165 0.94399068]
[1.20513615 0.94400082]
[1.20513131 0.94400992]
[1.205127 0.944018]
[1.2051238  0.94402555]
[1.2051213  0.94403245]
[1.20511969 0.94403898]
[1.20511864 0.94404497]
[1.20511811 0.94405043]
[1.20511818 0.94405544]
[1.20511893 0.94405966]
[1.20511951 0.94406351]
[1.20512072 0.94406719]
[1.2051221  0.94407055]
[1.20512399 0.94407372]
[1.20512619 0.94407671]
[1.2051281  0.94407936]
[1.2050341  0.94406912]
[1.20494963 0.94405981]
[1.20487347 0.94405132]
[1.20480467 0.94404369]
[1.20474287 0.94403649]
[1.2046868  0.94403007]
[1.20463658 0.94402348]
[1.20459039 0.94401558]
[1.20454904 0.94400775]
[1.20451105 0.94400083]
[1.20447737 0.94399561]
[1.20444602 0.94399067]
[1.20441818 0.94398671]
[1.20439195 0.94398248]
[1.20436867 0.94397925]
[1.20434658 0.94397902]
[1.20432734 0.94398182]
[1.20430857 0.94399129]
[1.2042917  0.94399962]
[1.20427664 0.9440071 ]
[1.20426311 0.94401369]
[1.20425113 0.94401979]
[1.20424071 0.94402546]
[1.20423159 0.94403097]
[1.20422382 0.94403623]
[1.20421718 0.94404102]
[1.20421158 0.94404552]
[1.20420662 0.94404994]
[1.20420287 0.94405433]
[1.20420007 0.94405871]
[1.20419838 0.94406302]
[1.20419717 0.94406718]
[1.2038898  0.94400373]
[1.20361312 0.94394641]
[1.20336404 0.94389467]
[1.20313957 0.94384817]
[1.20293778 0.94380599]
[1.20275561 0.94376808]
[1.20259191 0.94373301]
[1.20244374 0.94369965]
[1.20231052 0.94366869]
[1.20218975 0.94364094]
[1.20208093 0.9436167 ]
[1.20198303 0.94359487]
[1.20189485 0.9435754 ]
[1.2018156  0.94355779]
[1.2017441 0.9435415]
[1.2016799  0.94352666]
[1.20162185 0.94351253]
[1.20156957 0.9434998 ]
[1.20152267 0.9434882 ]
[1.20148092 0.94347817]
[1.20144348 0.94346955]
[1.20141027 0.94346234]
[1.20138058 0.94345635]
[1.20135452 0.94345138]
[1.2013318  0.94344713]
[1.20131214 0.94344356]
[1.20129503 0.94344044]
[1.20128022 0.9434374 ]
[1.20126709 0.94343477]
[1.20125524 0.943432  ]
[1.2012446  0.94342954]
[1.20123498 0.94342745]
[1.20122667 0.94342565]
[1.20121958 0.94342384]
[1.20121341 0.94342219]
[1.20120834 0.94342067]
[1.20120413 0.94341915]
[1.20085204 0.94335271]
[1.20053498 0.94329301]
[1.20024956 0.94323921]
[1.19999265 0.94319091]
[1.19976156 0.94314766]
[1.19955332 0.94310839]
[1.19936596 0.94307331]
[1.19919712 0.94304223]
[1.19904553 0.94301442]
[1.19890918 0.94298923]
[1.19878643 0.94296639]
[1.19867607 0.9429457 ]
[1.19857682 0.94292709]
[1.19848776 0.94291028]
[1.19840762 0.94289515]
[1.1983356  0.94288155]
[1.1982708  0.94286947]
[1.19821242 0.94285857]
[1.1981599  0.94284875]
[1.1981127  0.94283996]
[1.19807031 0.94283201]
[1.1980321  0.94282484]
[1.19799766 0.94281846]
[1.19796685 0.94281273]
[1.19793918 0.9428075 ]
[1.19791428 0.94280277]
[1.19789177 0.9427986 ]
[1.19787155 0.9427948 ]
[1.19785347 0.94279135]
[1.1978372  0.94278838]
[1.19782252 0.94278569]
[1.19780928 0.94278321]
[1.19779745 0.9427808 ]
[1.19778678 0.94277867]
[1.1977772  0.94277671]
[1.19776857 0.94277496]
[1.19776071 0.94277334]
[1.19786182 0.94279084]
[1.19795286 0.94280644]
[1.1980349  0.94282039]
[1.19810884 0.94283293]
[1.19817551 0.9428441 ]
[1.19823558 0.94285408]
[1.19828973 0.94286314]
[1.19833857 0.94287146]
[1.19838261 0.94287905]
[1.19842239 0.94288559]
[1.1984585  0.94289132]
[1.19849109 0.94289626]
[1.19852052 0.94290052]
[1.19854799 0.94290563]
[1.19857377 0.94291135]
[1.19859756 0.94291692]
[1.19861945 0.9429224 ]
[1.19864002 0.94292799]
[1.1986593  0.94293377]
[1.19867664 0.94293903]
[1.19869244 0.94294397]
[1.19870656 0.9429485 ]
[1.19871908 0.94295256]
[1.19873028 0.94295628]
[1.19874019 0.94295965]
[1.19874911 0.94296274]
[1.19875714 0.94296545]
[1.19876434 0.94296783]
[1.19877075 0.94297005]
[1.19877656 0.94297194]
[1.19878184 0.94297369]
[1.19878652 0.9429753 ]
[1.19879066 0.9429767 ]
[1.1987945  0.94297806]
[1.19879792 0.94297924]
[1.19880104 0.94298023]
[1.19880385 0.9429812 ]
[1.19900002 0.94303264]
[1.19917672 0.94307881]
[1.19933577 0.94312039]
[1.19947911 0.94315773]
[1.19960822 0.94319129]
[1.19972449 0.94322147]
[1.19982906 0.94324861]
[1.19992318 0.94327283]
[1.20000792 0.94329442]
[1.20008417 0.94331385]
[1.20015287 0.94333132]
[1.20021475 0.94334658]
[1.2002706 0.9433599]
[1.20032108 0.94337203]
[1.2003669  0.94338318]
[1.20040843 0.94339384]
[1.20044637 0.94340392]
[1.20048053 0.94341293]
[1.20051142 0.94342079]
[1.2005396  0.94342845]
[1.2005653  0.94343619]
[1.20082973 0.94350555]
[1.20106785 0.94356783]
[1.20128229 0.94362376]
[1.20147542 0.94367412]
[1.2016493 0.9437194]
[1.20180581 0.94376019]
[1.20194669 0.94379696]
[1.20207359 0.94383009]
[1.20218785 0.94385993]
[1.20229066 0.94388665]
[1.20238317 0.94391079]
[1.20246645 0.94393214]
[1.20254132 0.94395113]
[1.20260864 0.94396821]
[1.20266923 0.94398355]
[1.20272372 0.94399725]
[1.20277278 0.94400968]
[1.20281694 0.94402074]
[1.2028567  0.94403075]
[1.20289249 0.94403973]
[1.20292466 0.94404768]
[1.20312881 0.94413125]
[1.20331265 0.94420647]
[1.20347821 0.94427406]
[1.20362735 0.94433478]
[1.20376168 0.94438937]
[1.20388257 0.94443876]
[1.20399141 0.9444835 ]
[1.20408945 0.94452372]
[1.20417786 0.94456008]
[1.20425753 0.94459291]
[1.20432929 0.94462282]
[1.20439391 0.94465022]
[1.20445212 0.9446753 ]
[1.20450458 0.94469785]
[1.20455175 0.94471821]
[1.20459432 0.94473696]
[1.20463273 0.94475429]
[1.20466729 0.94476979]
[1.20469837 0.94478367]
[1.20472643 0.94479624]
[1.20475179 0.94480758]
[1.20477465 0.94481783]
[1.20479522 0.94482704]
[1.20481384 0.94483536]
[1.20483063 0.94484287]
[1.20484574 0.94484965]
[1.20485938 0.9448557 ]
[1.20487164 0.94486109]
[1.20488266 0.94486603]
[1.20489259 0.94487037]
[1.2049015  0.94487426]
[1.20490967 0.94487761]
[1.20491696 0.9448807 ]
[1.20502597 0.94491973]
[1.20512416 0.94495471]
[1.20521262 0.94498618]
[1.20529236 0.94501444]
[1.20536421 0.94503985]
[1.20542894 0.94506275]
[1.20548741 0.94508323]
[1.20554005 0.94510179]
[1.20558751 0.94511858]
[1.20563034 0.9451335 ]
[1.20566918 0.94514678]
[1.2057042  0.94515841]
[1.20573574 0.94516878]
[1.20576528 0.94517923]
[1.20579286 0.94518998]
[1.20581819 0.94520001]
[1.20584152 0.94520949]
[1.20586335 0.94521877]
[1.20588386 0.94522775]
[1.20590237 0.945236  ]
[1.20591903 0.94524369]
[1.20593402 0.9452506 ]
[1.20594742 0.94525678]
[1.20595923 0.94526243]
[1.2059698  0.94526756]
[1.2059804 0.9452726]
[1.20599102 0.94527745]
[1.2060011  0.94528218]
[1.20601071 0.94528666]
[1.20602007 0.94529095]
[1.20602925 0.94529509]
[1.20603807 0.945299  ]
[1.20604668 0.94530264]
[1.20605488 0.94530589]
[1.20606281 0.94530884]
[1.20607049 0.94531163]
[1.20607804 0.94531432]
[1.20613602 0.94531703]
[1.20618829 0.94531946]
[1.20623538 0.94532157]
[1.20627794 0.94532333]
[1.20631637 0.94532488]
[1.20635099 0.9453263 ]
[1.20638221 0.94532749]
[1.20641047 0.94532868]
[1.20643595 0.94532989]
[1.20645917 0.94533073]
[1.20648024 0.94533124]
[1.2064992  0.94533164]
[1.20651635 0.94533181]
[1.2065328  0.94533314]
[1.20654871 0.94533545]
[1.20656359 0.94533805]
[1.20657749 0.9453408 ]
[1.20659085 0.94534402]
[1.20660373 0.9453475 ]
[1.20661538 0.94535086]
[1.20662592 0.94535403]
[1.20663529 0.94535687]
[1.20664361 0.9453595 ]
[1.20665099 0.94536185]
[1.20665749 0.94536407]
[1.20666437 0.94536638]
[1.20667172 0.94536885]
[1.20667879 0.94537139]
[1.20668571 0.94537396]
[1.20669264 0.94537665]
[1.20669966 0.94537929]
[1.20670657 0.94538178]
[1.20671328 0.94538414]
[1.20671986 0.94538629]
[1.2067263  0.94538827]
[1.20673262 0.94539025]
[1.20673897 0.94539213]
[1.20674521 0.94539394]
[1.2067513  0.94539579]
[1.20715695 0.94542034]
[1.2075221 0.9454425]
[1.2078507  0.94546245]
[1.20814644 0.94548038]
[1.2084127  0.94549643]
[1.20865228 0.94551089]
[1.20886803 0.94552369]
[1.20906226 0.94553538]
[1.20923702 0.94554606]
[1.20939436 0.94555568]
[1.20953597 0.94556436]
[1.209664   0.94557219]
[1.20977969 0.94557932]
[1.20988387 0.94558581]
[1.20997763 0.94559157]
[1.21006198 0.94559686]
[1.21013777 0.94560171]
[1.21020601 0.9456061 ]
[1.21026754 0.94561009]
[1.21032278 0.9456138 ]
[1.21037242 0.94561721]
[1.21041715 0.94562023]
[1.21045742 0.94562302]
[1.21070713 0.94562646]
[1.21093195 0.94562953]
[1.21113442 0.94563214]
[1.2113168  0.94563446]
[1.21148101 0.94563657]
[1.21162888 0.94563836]
[1.21176209 0.94564   ]
[1.21188207 0.94564141]
[1.21199006 0.94564273]
[1.2120873  0.94564387]
[1.21217475 0.94564491]
[1.21225398 0.94564658]
[1.2123258  0.94564879]
[1.2123906  0.94565107]
[1.21244922 0.94565343]
[1.21250236 0.94565603]
[1.21255056 0.94565886]
[1.21259395 0.94566134]
[1.212633   0.94566353]
[1.21266821 0.94566551]
[1.21269986 0.94566738]
[1.21283099 0.94569513]
[1.21294919 0.94572012]
[1.21305564 0.94574249]
[1.21315162 0.94576249]
[1.213238   0.94578041]
[1.21331581 0.94579652]
[1.21338595 0.94581098]
[1.21344912 0.94582416]
[1.21350604 0.94583605]
[1.21355749 0.94584662]
[1.21360409 0.94585589]
[1.21364609 0.94586406]
[1.21368395 0.94587118]
[1.21371898 0.94587873]
[1.21375165 0.94588677]
[1.21378152 0.94589451]
[1.21380894 0.9459019 ]
[1.2138344 0.9459092]
[1.2138582  0.94591646]
[1.21387971 0.94592314]
[1.21389918 0.94592938]
[1.21391651 0.94593497]
[1.21393208 0.94594008]
[1.21394594 0.94594468]
[1.21395833 0.94594892]
[1.21397047 0.94595309]
[1.21398256 0.94595725]
[1.21399383 0.94596125]
[1.21400453 0.94596516]
[1.21401483 0.94596897]
[1.21402484 0.94597268]
[1.21403446 0.94597614]
[1.21404365 0.94597936]
[1.21405245 0.94598231]
[1.21406089 0.945985  ]
[1.21406911 0.94598749]
[1.21407703 0.94598992]
[1.21408464 0.9459923 ]
[1.214092   0.94599464]
[1.2144968  0.94602029]
[1.2148612  0.94604337]
[1.21518919 0.946064  ]
[1.21548484 0.94608308]
[1.21575118 0.94610056]
[1.21599137 0.9461168 ]
[1.21620776 0.94613193]
[1.2164031  0.94614598]
[1.21657931 0.94615888]
[1.21673813 0.94617086]
[1.21688144 0.94618187]
[1.21701054 0.94619215]
[1.21712688 0.9462018 ]
[1.21723183 0.94621076]
[1.21732634 0.94621892]
[1.2174116  0.94622664]
[1.21748863 0.94623423]
[1.21755864 0.94624157]
[1.21762218 0.94624845]
[1.21735459 0.94614402]
[1.21711378 0.94605013]
[1.21689709 0.9459656 ]
[1.21670206 0.94588948]
[1.21652658 0.94582124]
[1.2163692  0.94575968]
[1.21622768 0.94570476]
[1.21610056 0.94565582]
[1.21598611 0.94561209]
[1.21588347 0.94557314]
[1.2157911  0.94553817]
[1.21570807 0.94550665]
[1.21563336 0.94547818]
[1.21556614 0.94545255]
[1.21550593 0.94542968]
[1.21545213 0.94540926]
[1.21540429 0.94539119]
[1.21536156 0.94537507]
[1.21532363 0.94536079]
[1.21528979 0.94534799]
[1.2152593  0.94533644]
[1.21523191 0.94532611]
[1.21520722 0.94531674]
[1.21518491 0.94530827]
[1.21516485 0.94530073]
[1.21514676 0.94529391]
[1.21513055 0.94528774]
[1.21511588 0.945282  ]
[1.21510237 0.9452769 ]
[1.21509042 0.945272  ]
[1.21507914 0.94526767]
[1.2150692  0.94526286]
[1.21505938 0.94525658]
[1.21505079 0.94525029]
[1.21504228 0.9452447 ]
[1.21503504 0.94524076]
[1.21502768 0.94523695]
[1.2150213  0.94523398]
[1.21501553 0.9452313 ]
[1.21501026 0.9452289 ]
[1.2150055  0.94522675]
[1.2150012  0.94522475]
[1.21499726 0.94522276]
[1.2149935  0.94522088]
[1.21499036 0.94521915]
[1.21498757 0.94521753]
[1.21498538 0.94521647]
[1.21498369 0.94521584]
[1.2149826  0.94521592]
[1.21498189 0.94521637]
[1.21498188 0.94521721]
[1.21498228 0.94521821]
[1.21498291 0.94521954]
[1.2149837  0.94522095]
[1.21498462 0.94522255]
[1.21498563 0.94522444]
[1.2149866  0.94522607]
[1.21498759 0.94522751]
[1.21498859 0.94522884]
[1.21487497 0.94521641]
[1.21477262 0.94520521]
[1.21468057 0.94519492]
[1.21459738 0.94518569]
[1.21452265 0.94517713]
[1.21445489 0.94516944]
[1.214394  0.9451622]
[1.21433859 0.94515456]
[1.2142887  0.94514522]
[1.21424228 0.94513463]
[1.21420031 0.94512474]
[1.21416128 0.94511407]
[1.21412584 0.94510396]
[1.21409313 0.94509312]
[1.21406326 0.94508305]
[1.21403568 0.94507465]
[1.21401086 0.94506699]
[1.21398858 0.94506001]
[1.213969   0.94505422]
[1.2139517  0.94504933]
[1.21393642 0.94504549]
[1.21392294 0.94504234]
[1.21391111 0.94503995]
[1.21390069 0.94503825]
[1.21389198 0.94503699]
[1.21388465 0.94503593]
[1.21387821 0.9450352 ]
[1.21387265 0.94503477]
[1.21386784 0.94503461]
[1.21386365 0.9450347 ]
[1.21386006 0.94503488]
[1.21385741 0.94503512]
[1.2138557  0.94503521]
[1.21385505 0.94503524]
[1.21385424 0.94503512]
[1.21385423 0.94503509]
[1.21348754 0.94492906]
[1.21315755 0.94483363]
[1.21286076 0.94474769]
[1.212594   0.94467016]
[1.21235396 0.94460036]
[1.21213793 0.94453749]
[1.21194372 0.94448092]
[1.21176854 0.94443046]
[1.21161081 0.94438523]
[1.21146838 0.94434462]
[1.21133998 0.94430845]
[1.21134749 0.94429674]
[1.21135431 0.94428621]
[1.21136041 0.94427658]
[1.21136639 0.94426836]
[1.21137208 0.94426135]
[1.21137716 0.9442551 ]
[1.21138176 0.94424938]
[1.21138605 0.94424442]
[1.21138991 0.94423994]
[1.21139347 0.94423608]
[1.21129734 0.94421391]
[1.21121079 0.94419383]
[1.21113282 0.94417572]
[1.21106236 0.94415934]
[1.21099915 0.94414439]
[1.21094176 0.94413095]
[1.21089033 0.94411786]
[1.21084316 0.94410434]
[1.21080099 0.94409149]
[1.21076222 0.94408003]
[1.21072773 0.94407072]
[1.21069568 0.94406209]
[1.21066731 0.94405477]
[1.21064052 0.94404759]
[1.21061679 0.94404172]
[1.21059424 0.94403906]
[1.2105746  0.94403966]
[1.21055699 0.94404009]
[1.21054123 0.94404053]
[1.21052741 0.94404128]
[1.21051526 0.94404232]
[1.21050472 0.9440438 ]
[1.21049543 0.94404546]
[1.21048771 0.94404755]
[1.21048133 0.94404965]
[1.21047577 0.94405195]
[1.21047098 0.94405431]
[1.2104669  0.94405665]
[1.21046338 0.94405923]
[1.21046045 0.94406175]
[1.21045795 0.94406419]
[1.21045593 0.94406678]
[1.21045435 0.9440697 ]
[1.21045358 0.94407282]
[1.2104534  0.94407591]
[1.21012818 0.94396846]
[1.2098356 0.9438717]
[1.20957227 0.94378446]
[1.20933552 0.94370591]
[1.20912257 0.94363515]
[1.20893099 0.94357144]
[1.20875862 0.9435141 ]
[1.20860364 0.94346258]
[1.20846423 0.94341638]
[1.20833895 0.94337459]
[1.20822641 0.94333678]
[1.20812515 0.94330252]
[1.20803414 0.94327141]
[1.20795321 0.94324471]
[1.20788146 0.94322193]
[1.20781738 0.9432018 ]
[1.20776028 0.94318412]
[1.20770972 0.94316888]
[1.20766502 0.94315581]
[1.20762488 0.94314427]
[1.20758879 0.94313419]
[1.20755619 0.94312504]
[1.20752684 0.94311678]
[1.2075004  0.94310939]
[1.20747636 0.94310281]
[1.20745587 0.94309729]
[1.20743841 0.94309269]
[1.20742328 0.94308881]
[1.20741014 0.94308564]
[1.20739911 0.94308299]
[1.20738996 0.94308095]
[1.20738221 0.94307924]
[1.20737583 0.94307783]
[1.20737063 0.94307658]
[1.20736636 0.94307551]
[1.20736317 0.94307463]
[1.20736083 0.94307392]
[1.20735923 0.94307355]
[1.20735831 0.94307331]
[1.20775748 0.94309617]
[1.2081169  0.94311668]
[1.20844046 0.94313506]
[1.2087318  0.94315154]
[1.2089941  0.94316634]
[1.20923026 0.94317958]
[1.20944285 0.94319149]
[1.20963424 0.94320222]
[1.20980648 0.94321205]
[1.2099615 0.9432209]
[1.21010113 0.94322886]
[1.2102268 0.943236 ]
[1.21033983 0.94324238]
[1.21044161 0.94324818]
[1.21053321 0.94325346]
[1.21061565 0.94325819]
[1.2106899  0.94326241]
[1.21075666 0.94326624]
[1.21081668 0.94326969]
[1.21087081 0.94327253]
[1.21091955 0.94327502]
[1.21096334 0.94327713]
[1.21100276 0.94327894]
[1.21103819 0.94328042]
[1.21107003 0.94328175]
[1.21109895 0.94328334]
[1.21112508 0.9432851 ]
[1.21114853 0.94328626]
[1.21116951 0.94328684]
[1.21115215 0.94326574]
[1.21113664 0.94324671]
[1.21112284 0.94322941]
[1.2111104  0.94321383]
[1.21109944 0.94319975]
[1.21108948 0.94318705]
[1.21108061 0.94317557]
[1.21107259 0.94316526]
[1.21106537 0.94315587]
[1.2110589  0.94314729]
[1.21105313 0.94313963]
[1.21104813 0.94313275]
[1.21104384 0.94312649]
[1.21104002 0.94312091]
[1.21103668 0.94311598]
[1.21103371 0.94311155]
[1.2110312  0.94310752]
[1.21102896 0.94310382]
[1.21102697 0.94310051]
[1.21102522 0.94309747]
[1.21102358 0.94309479]
[1.21102213 0.94309245]
[1.21102078 0.94309027]
[1.21101962 0.94308832]
[1.21101864 0.94308665]
[1.21101793 0.94308539]
[1.21101733 0.94308439]
[1.21101679 0.94308348]
[1.21101631 0.94308269]
[1.21101588 0.94308201]
[1.21101549 0.94308142]
[1.21101517 0.94308091]
[1.21101484 0.94308037]
[1.21101459 0.94307991]
[1.21101435 0.94307953]
[1.21101407 0.94307917]
[1.21101385 0.9430789 ]
[1.21101362 0.94307866]
[1.21101344 0.94307847]
[1.21101339 0.94307825]
[1.21101332 0.94307814]
[1.21128782 0.94315768]
[1.21153501 0.9432291 ]
[1.21175762 0.94329345]
[1.211958   0.94335119]
[1.21213847 0.94340314]
[1.21230083 0.94345006]
[1.21244704 0.94349245]
[1.21257872 0.94353079]
[1.21269723 0.94356557]
[1.21280403 0.94359692]
[1.21290024 0.9436252 ]
[1.21298687 0.94365064]
[1.21306486 0.94367373]
[1.213135   0.94369401]
[1.21319818 0.94371188]
[1.21325524 0.94372951]
[1.21330676 0.94374697]
[1.21335316 0.94376292]
[1.213395  0.9437776]
[1.21343256 0.94379082]
[1.21346638 0.94380269]
[1.21349687 0.94381346]
[1.21352426 0.94382315]
[1.21354896 0.94383183]
[1.2135712  0.94383971]
[1.21359121 0.94384683]
[1.21360918 0.94385317]
[1.21362539 0.94385896]
[1.21364005 0.9438642 ]
[1.2136532  0.94386873]
[1.21366502 0.94387274]
[1.21367564 0.94387643]
[1.2136852  0.94387974]
[1.21389084 0.94388586]
[1.214076   0.94389119]
[1.2142428  0.94389596]
[1.21439295 0.94390021]
[1.2145282  0.94390395]
[1.21465007 0.94390736]
[1.21475989 0.94391044]
[1.21485874 0.94391324]
[1.21494786 0.94391592]
[1.21502801 0.94391828]
[1.21510004 0.9439203 ]
[1.21516496 0.94392213]
[1.21522328 0.94392375]
[1.21527586 0.94392546]
[1.21532331 0.94392727]
[1.21536643 0.94392998]
[1.2154057  0.94393366]
[1.2154412  0.94393744]
[1.21547332 0.94394135]
[1.21550235 0.94394519]
[1.21552856 0.94394911]
[1.21555234 0.94395276]
[1.21557375 0.9439564 ]
[1.21559318 0.94396005]
[1.21561078 0.94396371]
[1.21562664 0.94396711]
[1.21564098 0.94397036]
[1.21565392 0.94397349]
[1.21566569 0.94397646]
[1.21567639 0.94397944]
[1.21568618 0.94398229]
[1.2156949  0.94398502]
[1.21570286 0.94398755]
[1.21571006 0.94398993]
[1.21571654 0.94399215]
[1.21572231 0.94399407]
[1.21572755 0.94399576]
[1.21566573 0.9439694 ]
[1.21561021 0.94394558]
[1.21556036 0.94392407]
[1.2155156  0.94390472]
[1.21547548 0.94388721]
[1.21543947 0.94387137]
[1.21540714 0.94385706]
[1.21537819 0.94384436]
[1.21535217 0.94383296]
[1.21532891 0.94382248]
[1.21530823 0.94381287]
[1.21528966 0.94380405]
[1.21527295 0.943796  ]
[1.21525899 0.94378995]
[1.21524748 0.94378562]
[1.21523759 0.94378217]
[1.21522924 0.94377952]
[1.21522265 0.94377782]
[1.21521757 0.94377699]
[1.21521306 0.9437764 ]
[1.21520906 0.94377608]
[1.21520539 0.94377584]
[1.21520203 0.94377555]
[1.21519887 0.94377543]
[1.21519578 0.94377538]
[1.21519418 0.94377568]
[1.21519384 0.94377631]
[1.215194   0.94377719]
[1.21519465 0.94377839]
[1.21519593 0.94377969]
[1.21519786 0.94378109]
[1.21520013 0.94378249]
[1.21520285 0.94378393]
[1.21520576 0.94378524]
[1.21520892 0.94378637]
[1.21521224 0.94378762]
[1.21521583 0.9437888 ]
[1.21521953 0.94379009]
[1.21522336 0.94379141]
[1.2152269  0.94379254]
[1.21523022 0.94379339]
[1.21523328 0.94379424]
[1.21523616 0.9437949 ]
[1.21523889 0.94379544]
[1.21524134 0.94379595]
[1.21524369 0.94379645]
[1.21524585 0.94379705]
[1.21524796 0.94379739]
[1.2152501  0.94379742]
[1.21525214 0.94379729]
[1.21525399 0.94379707]
[1.21525672 0.94379798]
[1.21526021 0.94380001]
[1.21526388 0.94380222]
[1.2152677  0.94380471]
[1.21527197 0.94380766]
[1.2152767  0.94381101]
[1.21528105 0.94381414]
[1.215285   0.94381723]
[1.21528846 0.94381995]
[1.21529156 0.94382243]
[1.21529417 0.94382476]
[1.21529637 0.9438269 ]
[1.21529843 0.94382879]
[1.21530029 0.9438305 ]
[1.21530193 0.94383209]
[1.21530345 0.9438335 ]
[1.21530478 0.9438348 ]
[1.215306   0.94383591]
[1.21515915 0.94380225]
[1.21502711 0.94377195]
[1.21490836 0.94374455]
[1.21480154 0.94371986]
[1.21470557 0.94369769]
[1.21461935 0.94367758]
[1.21454183 0.94365955]
[1.21447215 0.94364342]
[1.21440954 0.94362901]
[1.21435338 0.94361577]
[1.21430304 0.94360364]
[1.2142578  0.94359253]
[1.21421711 0.9435824 ]
[1.21418152 0.94357443]
[1.21415055 0.94356848]
[1.21412324 0.94356358]
[1.21409912 0.9435596 ]
[1.21407832 0.94355666]
[1.21406044 0.94355469]
[1.21404435 0.94355316]
[1.21402999 0.94355194]
[1.21401695 0.9435509 ]
[1.21400509 0.94355002]
[1.21399429 0.94354928]
[1.21398453 0.94354866]
[1.21397686 0.94354848]
[1.21397097 0.94354862]
[1.21396616 0.94354913]
[1.21396229 0.94354987]
[1.21395955 0.94355076]
[1.21395789 0.94355179]
[1.21395692 0.94355283]
[1.21395662 0.94355407]
[1.21395689 0.94355516]
[1.21395767 0.94355608]
[1.21395895 0.94355714]
[1.21396069 0.94355814]
[1.21396263 0.94355925]
[1.21396491 0.94356047]
[1.21436511 0.9435852 ]
[1.21472546 0.94360735]
[1.21504988 0.94362725]
[1.21534192 0.94364512]
[1.21560489 0.9436611 ]
[1.21584164 0.94367548]
[1.21605472 0.94368833]
[1.21624661 0.94370003]
[1.21641943 0.94371062]
[1.21657519 0.94371998]
[1.21671555 0.94372818]
[1.21684189 0.94373537]
[1.21695565 0.94374169]
[1.21705914 0.9437485 ]
[1.21715331 0.9437559 ]
[1.21723858 0.94376297]
[1.21731586 0.94376977]
[1.21738626 0.94377654]
[1.21745042 0.9437833 ]
[1.21750823 0.94378962]
[1.21756039 0.94379558]
[1.21760722 0.94380089]
[1.21764925 0.94380562]
[1.217687   0.94380997]
[1.21772085 0.943814  ]
[1.21775124 0.94381754]
[1.21777854 0.94382077]
[1.21780311 0.94382369]
[1.21782515 0.94382628]
[1.217845  0.9438286]
[1.21786277 0.94383068]
[1.21787886 0.94383253]
[1.21789327 0.94383422]
[1.21790626 0.94383576]
[1.21791798 0.94383713]
[1.21806454 0.94385907]
[1.21819649 0.94387871]
[1.21831538 0.94389626]
[1.21842251 0.94391205]
[1.21851894 0.94392625]
[1.2186059  0.94393896]
[1.2186843  0.94395034]
[1.21875482 0.94396076]
[1.21881848 0.94397027]
[1.21887596 0.94397852]
[1.21892787 0.94398581]
[1.21897465 0.94399212]
[1.21901685 0.94399763]
[1.21905581 0.94400375]
[1.2190919  0.94401053]
[1.21912491 0.94401701]
[1.21915513 0.94402335]
[1.2191832  0.94402966]
[1.21920931 0.94403598]
[1.21923285 0.94404176]
[1.21925395 0.94404686]
[1.21927305 0.94405148]
[1.21929008 0.94405573]
[1.21930552 0.94405949]
[1.21931938 0.94406285]
[1.21950227 0.94409912]
[1.21966686 0.94413171]
[1.21981512 0.94416098]
[1.21994872 0.94418719]
[1.22006896 0.94421074]
[1.22017725 0.94423199]
[1.2202747  0.94425123]
[1.22036245 0.94426866]
[1.22044145 0.94428462]
[1.22051251 0.94429864]
[1.22057644 0.94431087]
[1.22063403 0.94432185]
[1.22068573 0.94433171]
[1.22073225 0.94434038]
[1.22077415 0.94434788]
[1.22081181 0.94435474]
[1.22084565 0.94436098]
[1.2208761  0.94436669]
[1.2209035  0.94437191]
[1.22092809 0.9443766 ]
[1.22095031 0.94438098]
[1.22097028 0.94438479]
[1.22098824 0.94438816]
[1.2210044  0.94439119]
[1.2210189  0.94439394]
[1.22103197 0.94439635]
[1.22104379 0.94439855]
[1.22105439 0.94440057]
[1.221064   0.94440236]
[1.22107273 0.94440408]
[1.2210805  0.94440565]
[1.22108759 0.94440715]
[1.22109401 0.94440841]
[1.22109987 0.94440975]
[1.22110519 0.94441112]
[1.22108304 0.94440406]
[1.22106324 0.94439769]
[1.22104542 0.9443918 ]
[1.22102942 0.94438653]
[1.22101499 0.9443818 ]
[1.22100219 0.94437788]
[1.220991   0.94437468]
[1.22098098 0.94437202]
[1.22097193 0.9443696 ]
[1.22096387 0.94436752]
[1.22095682 0.94436603]
[1.22095059 0.94436519]
[1.22094514 0.94436435]
[1.22094059 0.94436397]
[1.22093703 0.944364  ]
[1.22093447 0.94436459]
[1.2206588 0.9443177]
[1.22041073 0.94427537]
[1.22018735 0.94423712]
[1.21998612 0.94420266]
[1.21980512 0.94417145]
[1.21964169 0.94414344]
[1.21949484 0.94411736]
[1.21936169 0.94409199]
[1.21924219 0.94406846]
[1.21913453 0.94404734]
[1.21903766 0.94402821]
[1.21895054 0.94401103]
[1.21887214 0.94399548]
[1.21880154 0.94398163]
[1.21873809 0.94396895]
[1.21868113 0.94395749]
[1.21862973 0.94394712]
[1.21858345 0.94393786]
[1.21854178 0.94392952]
[1.21850425 0.94392192]
[1.21847056 0.94391538]
[1.21844031 0.94390956]
[1.21841324 0.94390449]
[1.21838903 0.94390011]
[1.2183673  0.94389631]
[1.21834782 0.94389301]
[1.21833031 0.94389009]
[1.21831483 0.94388769]
[1.2180691  0.94381683]
[1.21784789 0.94375294]
[1.21764887 0.94369535]
[1.21746947 0.94364344]
[1.21730822 0.94359655]
[1.21716251 0.94355438]
[1.21703159 0.94351555]
[1.21691288 0.94347858]
[1.21680626 0.94344465]
[1.21670945 0.94341425]
[1.21662274 0.94338793]
[1.21654381 0.94336398]
[1.21647299 0.94334157]
[1.21640818 0.94331918]
[1.21634989 0.94329771]
[1.21629624 0.94327569]
[1.21624816 0.94325402]
[1.21620333 0.94323408]
[1.21616164 0.94321406]
[1.21612256 0.94319509]
[1.21608741 0.94317794]
[1.21605582 0.94316245]
[1.21602783 0.94314895]
[1.2160029  0.94313711]
[1.21598086 0.94312705]
[1.21596128 0.94311841]
[1.21594362 0.94311071]
[1.21592776 0.94310362]
[1.21591348 0.9430973 ]
[1.21590065 0.94309163]
[1.21588911 0.94308648]
[1.21587887 0.94308182]
[1.21586986 0.94307757]
[1.21586181 0.94307357]
[1.21585496 0.94307003]
[1.21584941 0.94306669]
[1.21584446 0.94306366]
[1.21583993 0.94306072]
[1.21583556 0.94305809]
[1.21583175 0.9430555 ]
[1.21582787 0.94305322]
[1.2158245  0.94305078]
[1.21582078 0.94304752]
[1.21581761 0.94304222]
[1.21581357 0.94303393]
[1.2158101  0.94302396]
[1.21580577 0.94301135]
[1.21580198 0.94299635]
[1.21579719 0.94297863]
[1.21579288 0.94295955]
[1.215788   0.94293968]
[1.21578274 0.9429204 ]
[1.21577685 0.94290001]
[1.21577057 0.94288082]
[1.21596228 0.94299548]
[1.21613486 0.94309863]
[1.2162902  0.94319134]
[1.21643044 0.94327523]
[1.21655694 0.94335119]
[1.21667122 0.94342005]
[1.21677429 0.94348247]
[1.2168678  0.94353909]
[1.21695229 0.94359037]
[1.21702863 0.9436369 ]
[1.21709761 0.94367889]
[1.21715991 0.94371702]
[1.21721612 0.94375178]
[1.21726689 0.94378335]
[1.21731274 0.94381194]
[1.21735424 0.94383792]
[1.21739172 0.94386199]
[1.21742548 0.94388373]
[1.21745643 0.94390374]
[1.21748481 0.9439222 ]
[1.21738647 0.94392953]
[1.21729799 0.94393602]
[1.21721831 0.94394183]
[1.21714635 0.94394701]
[1.21708172 0.94395141]
[1.21702294 0.94395541]
[1.2169702  0.94395858]
[1.21692224 0.94396057]
[1.21687939 0.94396015]
[1.21683981 0.94395788]
[1.21680423 0.94395523]
[1.21677131 0.94395117]
[1.21674203 0.94394676]
[1.21671435 0.94394037]
[1.21668958 0.94393372]
[1.21666609 0.94392578]
[1.21664468 0.94391666]
[1.21662421 0.94390691]
[1.21660551 0.94389729]
[1.21658883 0.94388853]
[1.21657387 0.94388058]
[1.21656071 0.94387392]
[1.21654915 0.94386836]
[1.21653919 0.94386383]
[1.21653046 0.94386013]
[1.21652333 0.94385735]
[1.21651729 0.94385519]
[1.21651215 0.9438535 ]
[1.21650775 0.94385225]
[1.21650401 0.94385145]
[1.2165008  0.94385114]
[1.21649813 0.94385119]
[1.21649575 0.94385131]
[1.21649384 0.94385177]
[1.2164924  0.94385289]
[1.21649174 0.94385442]
[1.2164917  0.94385605]
[1.21616658 0.94374664]
[1.21587395 0.94364801]
[1.21561059 0.94355919]
[1.21537333 0.9434793 ]
[1.21515997 0.94340708]
[1.21496799 0.94334196]
[1.21479518 0.94328311]
[1.2146397 0.9432301]
[1.21449966 0.94318248]
[1.21437386 0.94314003]
[1.2142603  0.94310186]
[1.21415847 0.94306689]
[1.2140663  0.94303401]
[1.21398344 0.94300423]
[1.21390889 0.94297736]
[1.21384219 0.94295366]
[1.21378241 0.94293267]
[1.2137291 0.9429144]
[1.21368143 0.94289832]
[1.21363912 0.94288436]
[1.21360148 0.94287209]
[1.21356777 0.94286138]
[1.21353774 0.94285196]
[1.21351094 0.94284378]
[1.21348701 0.9428368 ]
[1.2134657  0.94283086]
[1.21344652 0.94282564]
[1.21342953 0.94282131]
[1.21341448 0.94281803]
[1.21340163 0.94281558]
[1.21339058 0.94281364]
[1.21338066 0.94281201]
[1.21328006 0.94278954]
[1.21318948 0.94276922]
[1.21310792 0.94275072]
[1.21303449 0.94273411]
[1.21296834 0.94271918]
[1.21290882 0.94270583]
[1.21285513 0.94269425]
[1.21280714 0.94268406]
[1.21276389 0.94267487]
[1.21272491 0.9426666 ]
[1.2126899  0.94265918]
[1.2126583  0.94265271]
[1.21262981 0.94264681]
[1.21260399 0.94264194]
[1.21258077 0.94263747]
[1.21255962 0.94263283]
[1.21254074 0.94262862]
[1.21252362 0.94262536]
[1.21250912 0.94262351]
[1.21266224 0.94267155]
[1.21280013 0.94271465]
[1.21292429 0.94275337]
[1.21303615 0.94278829]
[1.21313692 0.94281958]
[1.21322772 0.94284772]
[1.21330941 0.94287307]
[1.21338297 0.94289602]
[1.21344919 0.94291665]
[1.21350889 0.94293522]
[1.21356252 0.94295194]
[1.21361092 0.942967  ]
[1.21365445 0.94298065]
[1.21369362 0.94299291]
[1.21372889 0.94300399]
[1.21376092 0.94301406]
[1.21379    0.94302322]
[1.21381615 0.94303146]
[1.21383972 0.94303899]
[1.21386094 0.94304574]
[1.21387995 0.94305178]
[1.21387993 0.94305953]
[1.21388008 0.94306646]
[1.21388022 0.94307263]
[1.21388048 0.9430781 ]
[1.21388072 0.94308299]
[1.21388125 0.94308744]
[1.21388171 0.94309134]
[1.21388213 0.94309488]
[1.21388249 0.94309806]
[1.21388302 0.94310109]
[1.21388365 0.94310399]
[1.2138845  0.94310675]
[1.21388539 0.94310941]
[1.21388624 0.94311177]
[1.21388713 0.94311377]
[1.21388793 0.94311574]
[1.21388884 0.94311762]
[1.21388972 0.94311911]
[1.21389043 0.94312025]
[1.2138911  0.94312132]
[1.21389182 0.94312226]
[1.21389249 0.94312313]
[1.21389311 0.94312365]
[1.2138937  0.94312425]
[1.21389421 0.9431247 ]
[1.21393733 0.94315453]
[1.21397623 0.94318119]
[1.21401133 0.94320512]
[1.21404302 0.94322662]
[1.21407174 0.94324598]
[1.21409766 0.94326329]
[1.21412105 0.94327878]
[1.21414211 0.94329271]
[1.21416096 0.94330526]
[1.2141781  0.94331682]
[1.21419374 0.94332727]
[1.21420779 0.94333659]
[1.21422037 0.9433448 ]
[1.21423191 0.94335221]
[1.21424235 0.9433589 ]
[1.21425195 0.94336513]
[1.21426075 0.94337086]
[1.21426859 0.94337582]
[1.21427534 0.94337998]
[1.21428143 0.94338374]
[1.21428695 0.9433872 ]
[1.21429186 0.94339026]
[1.2142963  0.94339288]
[1.21430039 0.94339532]
[1.2143041 0.9433975]
[1.21430743 0.94339961]
[1.21431044 0.94340137]
[1.21431319 0.94340308]
[1.21431577 0.94340467]
[1.21466824 0.94351586]
[1.21498548 0.94361591]
[1.21527117 0.94370584]
[1.21552838 0.94378669]
[1.21575989 0.94385942]
[1.21596838 0.9439249 ]
[1.21615607 0.94398372]
[1.21632516 0.94403685]
[1.21647737 0.9440847 ]
[1.21661464 0.94412763]
[1.21673837 0.94416605]
[1.21684978 0.94420043]
[1.21695014 0.94423113]
[1.21704152 0.94425999]
[1.21712477 0.94428718]
[1.21720031 0.94431209]
[1.21726882 0.94433496]
[1.21733131 0.94435622]
[1.21738829 0.94437602]
[1.2174397  0.94439405]
[1.21748602 0.94441051]
[1.21752764 0.94442524]
[1.21756511 0.94443858]
[1.21759869 0.94445068]
[1.21762883 0.94446162]
[1.2176558  0.94447168]
[1.21768001 0.94448091]
[1.21770232 0.94448952]
[1.21772285 0.94449761]
[1.21774206 0.94450511]
[1.21776014 0.94451218]
[1.21777688 0.94451858]
[1.21779245 0.94452455]
[1.21780705 0.94452995]
[1.21782068 0.9445348 ]
[1.21783349 0.9445394 ]
[1.21784553 0.94454363]
[1.21785689 0.94454768]
[1.21786762 0.9445515 ]
[1.21826222 0.94457691]
[1.21861738 0.94459967]
[1.21893719 0.94462013]
[1.21922513 0.94463847]
[1.21948438 0.94465493]
[1.2197178  0.94466972]
[1.21992801 0.94468298]
[1.22011727 0.944695  ]
[1.22028766 0.94470601]
[1.22044119 0.94471567]
[1.22057958 0.94472415]
[1.22070421 0.94473155]
[1.22081639 0.94473808]
[1.2209174 0.944744 ]
[1.2210083  0.94474943]
[1.22109011 0.94475428]
[1.22116388 0.94475872]
[1.22123029 0.94476274]
[1.22129    0.94476651]
[1.22134375 0.94477008]
[1.22139203 0.94477339]
[1.22143552 0.94477652]
[1.22147466 0.94477952]
[1.22150988 0.94478224]
[1.22154174 0.94478476]
[1.22157014 0.94478712]
[1.22159554 0.94478942]
[1.22161822 0.94479175]
[1.22163852 0.94479401]
[1.22165689 0.94479618]
[1.22167334 0.94479815]
[1.22171758 0.94477278]
[1.22175751 0.94474988]
[1.22179357 0.94472915]
[1.22182611 0.94471063]
[1.22185558 0.94469422]
[1.2218824  0.94468008]
[1.22190668 0.9446682 ]
[1.22192877 0.94465797]
[1.22194873 0.94464945]
[1.22196752 0.94464389]
[1.22198513 0.94464096]
[1.22200115 0.94463851]
[1.22201563 0.94463645]
[1.22202909 0.94463719]
[1.22204178 0.94464035]
[1.2220534 0.9446436]
[1.222064   0.94464692]
[1.22207398 0.94465235]
[1.22208327 0.94465962]
[1.22209183 0.94466721]
[1.22209987 0.94467502]
[1.22210735 0.94468303]
[1.22211431 0.9446912 ]
[1.22212069 0.9446993 ]
[1.22212662 0.94470737]
[1.22213206 0.94471531]
[1.22213724 0.94472309]
[1.22196505 0.94502297]
[1.22181024 0.94529277]
[1.22167089 0.9455356 ]
[1.22154548 0.94575417]
[1.22143265 0.94595096]
[1.22133105 0.94612806]
[1.22123961 0.94628742]
[1.22115733 0.94643069]
[1.22108326 0.94655978]
[1.22101652 0.94667594]
[1.22095652 0.94678049]
[1.22090249 0.94687454]
[1.22085384 0.94695917]
[1.22081009 0.94703496]
[1.22077069 0.94710282]
[1.22073529 0.94716381]
[1.22070335 0.94721857]
[1.22067464 0.94726797]
[1.22064878 0.94731251]
[1.22062558 0.94735301]
[1.2206049 0.9473898]
[1.22058623 0.94742302]
[1.2205695  0.94745298]
[1.2205544  0.94747998]
[1.22054079 0.94750436]
[1.22052865 0.94752634]
[1.22051773 0.94754615]
[1.22053456 0.94756019]
[1.22054985 0.94757279]
[1.22056362 0.94758399]
[1.2205762  0.94759404]
[1.22058754 0.9476031 ]
[1.22059784 0.94761123]
[1.22060728 0.94761852]
[1.22061572 0.94762519]
[1.22062351 0.94763117]
[1.22063068 0.94763635]
[1.22063738 0.94764077]
[1.22064348 0.94764472]
[1.22064902 0.94764803]
[1.22065503 0.94765213]
[1.22066146 0.94765705]
[1.22066783 0.94766191]
[1.22067414 0.94766677]
[1.22068059 0.94767186]
[1.22068726 0.94767708]
[1.22069339 0.94768206]
[1.22069894 0.94768666]
[1.2207039  0.94769082]
[1.22070831 0.94769457]
[1.22071222 0.94769796]
[1.22071562 0.94770119]
[1.22071858 0.94770425]
[1.22072113 0.94770719]
[1.22072386 0.94771013]
[1.22072681 0.94771306]
[1.22073019 0.94771593]
[1.22073399 0.94771879]
[1.2207374  0.94772147]
[1.22074048 0.94772379]
[1.22074329 0.94772594]
[1.2207459  0.94772777]
[1.22077272 0.94772379]
[1.22079704 0.94772005]
[1.22081894 0.94771667]
[1.22083879 0.94771355]
[1.22085681 0.94771062]
[1.22087295 0.94770801]
[1.22088771 0.94770563]
[1.220901   0.94770355]
[1.2209131  0.94770186]
[1.22092419 0.94770006]
[1.22093453 0.94769834]
[1.22094378 0.94769677]
[1.22095205 0.94769547]
[1.22095953 0.94769437]
[1.22096623 0.9476934 ]
[1.22097217 0.94769252]
[1.22097745 0.94769178]
[1.22098183 0.9476909 ]
[1.22098555 0.94768984]
[1.22098907 0.94768913]
[1.22099244 0.94768866]
[1.22116319 0.94769365]
[1.22131699 0.94769807]
[1.22145548 0.94770185]
[1.22158017 0.94770533]
[1.22169238 0.94770844]
[1.22179339 0.94771148]
[1.22188442 0.94771445]
[1.22196646 0.94771679]
[1.22204023 0.94771865]
[1.2221068  0.94772045]
[1.22216682 0.94772212]
[1.22222109 0.94772377]
[1.22227027 0.94772549]
[1.22231493 0.94772722]
[1.22235544 0.94772902]
[1.22239201 0.94773081]
[1.22242505 0.94773259]
[1.2224551  0.94773483]
[1.22248252 0.94773729]
[1.22250732 0.94773993]
[1.22252969 0.94774259]
[1.22255017 0.94774554]
[1.22256884 0.94774879]
[1.22258575 0.94775234]
[1.22260116 0.94775596]
[1.22261515 0.94775961]
[1.22262796 0.94776329]
[1.22263965 0.94776693]
[1.22265024 0.9477705 ]
[1.22265943 0.94777312]
[1.22266748 0.94777477]
[1.22267506 0.94777681]
[1.22268229 0.94777927]
[1.2226888  0.94778154]
[1.22269466 0.94778371]
[1.22270019 0.94778609]
[1.22270549 0.94778869]
[1.22271041 0.94779115]
[1.22271486 0.9477936 ]
[1.22242332 0.9477691 ]
[1.22216096 0.94774718]
[1.22192485 0.94772752]
[1.22171235 0.94770948]
[1.22152103 0.94769277]
[1.22134882 0.94767761]
[1.2211939  0.94766385]
[1.22105446 0.94765178]
[1.22092903 0.94764131]
[1.22081608 0.9476318 ]
[1.22071438 0.9476232 ]
[1.22062294 0.94761552]
[1.22054074 0.94760854]
[1.22046673 0.94760227]
[1.22040009 0.94759665]
[1.22034013 0.94759165]
[1.22028619 0.94758708]
[1.22023763 0.94758293]
[1.22019388 0.94757912]
[1.22015443 0.94757547]
[1.22011904 0.94757219]
[1.22008716 0.94756927]
[1.22005859 0.94756652]
[1.22003285 0.94756407]
[1.22000961 0.94756175]
[1.21998871 0.9475595 ]
[1.21996988 0.94755752]
[1.21976694 0.94761123]
[1.21958442 0.94765948]
[1.21942024 0.94770277]
[1.21927261 0.94774167]
[1.21913979 0.94777667]
[1.21902033 0.9478082 ]
[1.21891295 0.94783653]
[1.21881635 0.94786209]
[1.21872951 0.9478852 ]
[1.21865161 0.94790589]
[1.21858163 0.94792424]
[1.21851884 0.94794056]
[1.21846225 0.94795502]
[1.2184124 0.9479693]
[1.21836857 0.9479833 ]
[1.21832958 0.94799641]
[1.21829506 0.9480086 ]
[1.21826482 0.94802024]
[1.21823847 0.94803137]
[1.21821471 0.94804139]
[1.21819342 0.94805042]
[1.21817417 0.94805854]
[1.21815692 0.94806578]
[1.21824702 0.94808862]
[1.21832821 0.94810917]
[1.21840133 0.94812758]
[1.21846752 0.94814459]
[1.21852742 0.94816027]
[1.21858141 0.94817433]
[1.21862994 0.94818701]
[1.21867352 0.94819846]
[1.21871281 0.94820866]
[1.21874809 0.94821779]
[1.21878005 0.94822603]
[1.21880883 0.94823339]
[1.21883437 0.94823965]
[1.21885791 0.94824557]
[1.2188788  0.94825062]
[1.21889875 0.94825578]
[1.21891582 0.94825977]
[1.21893273 0.94826372]
[1.21894926 0.94826739]
[1.2189651  0.94827069]
[1.21898039 0.94827377]
[1.21899409 0.94827645]
[1.21900635 0.94827874]
[1.21901721 0.94828082]
[1.21902705 0.94828245]
[1.21903536 0.94828391]
[1.21904319 0.94828587]
[1.2190494  0.94828765]
[1.21905519 0.94828995]
[1.21905927 0.94829472]
[1.2190625  0.94830079]
[1.21906427 0.94830546]
[1.21906583 0.94830823]
[1.21906593 0.94830761]
[1.21906608 0.94830193]
[1.21906636 0.94829685]
[1.21910781 0.94832384]
[1.21914522 0.94834799]
[1.21917896 0.94836969]
[1.21920998 0.94838946]
[1.21923818 0.94840743]
[1.21926423 0.94842385]
[1.21928806 0.94843877]
[1.21930998 0.94845221]
[1.21933003 0.94846433]
[1.21934856 0.94847519]
[1.21936594 0.94848469]
[1.21938046 0.94849241]
[1.21939382 0.94849926]
[1.21940659 0.94850542]
[1.21941868 0.9485109 ]
[1.21942953 0.94851578]
[1.21939448 0.94853742]
[1.219363   0.94855678]
[1.21933464 0.94857405]
[1.21930883 0.94858968]
[1.21928582 0.94860343]
[1.21926449 0.94861577]
[1.21924566 0.94862599]
[1.21922781 0.94863332]
[1.21921185 0.94863926]
[1.21919678 0.94864471]
[1.21918366 0.9486507 ]
[1.21917091 0.9486558 ]
[1.21915988 0.94865872]
[1.21914873 0.94865802]
[1.2191389  0.94865735]
[1.21913002 0.94865658]
[1.21912234 0.9486563 ]
[1.21911583 0.94865633]
[1.21911036 0.94865665]
[1.21910583 0.94865712]
[1.21910234 0.94865786]
[1.21909956 0.94865877]
[1.21909738 0.94865994]
[1.21909562 0.94866128]
[1.21909431 0.94866282]
[1.2190934  0.94866441]
[1.21909285 0.94866595]
[1.2190926  0.94866756]
[1.21909265 0.94866903]
[1.2190931 0.9486704]
[1.21909355 0.94867174]
[1.21909395 0.94867278]
[1.21909427 0.94867364]
[1.21909429 0.9486744 ]
[1.2190944  0.94867478]
[1.21909409 0.9486752 ]
[1.219094   0.94867472]
[1.21909307 0.94867236]
[1.21909244 0.94866948]
[1.21909105 0.94866709]
[1.21909035 0.94866595]
[1.21908863 0.94866471]
[1.21908768 0.94866186]
[1.21908554 0.948656  ]
[1.21908374 0.94865062]
[1.21908216 0.94864581]
[1.21908118 0.94864205]
[1.21908046 0.9486392 ]
[1.21908022 0.94863735]
[1.21908021 0.94863601]
[1.21908037 0.94863523]
[1.21908084 0.94863484]
[1.21908146 0.94863508]
[1.21908229 0.94863563]
[1.21908351 0.94863685]
[1.21908465 0.94863834]
[1.21908595 0.94863987]
[1.21908742 0.94864202]
[1.21908935 0.94864453]
[1.21909091 0.94864668]
[1.21909254 0.94864901]
[1.21909414 0.94865152]
[1.21909568 0.94865369]
[1.21909739 0.9486562 ]
[1.21909898 0.94865902]
[1.21910062 0.94866202]
[1.21876732 0.9485429 ]
[1.21846739 0.94843555]
[1.21819743 0.94833887]
[1.21795416 0.94825191]
[1.21773535 0.94817322]
[1.21753853 0.9481024 ]
[1.21736141 0.94803841]
[1.21720196 0.9479807 ]
[1.21705837 0.94792898]
[1.21692933 0.94788278]
[1.21681294 0.9478412 ]
[1.21670864 0.94780434]
[1.21661428 0.94777092]
[1.21652939 0.94774078]
[1.21645298 0.9477136 ]
[1.21638461 0.94768954]
[1.21632338 0.94766828]
[1.21626869 0.94764965]
[1.21621976 0.94763337]
[1.21617635 0.94761922]
[1.21613773 0.94760668]
[1.21610292 0.94759538]
[1.21607195 0.94758573]
[1.2160442 0.9475776]
[1.21601955 0.94757067]
[1.21599736 0.94756444]
[1.21597741 0.9475591 ]
[1.21595963 0.94755464]
[1.21594384 0.94755077]
[1.21592959 0.94754708]
[1.21591678 0.94754365]
[1.21590523 0.94754051]
[1.21589481 0.94753761]
[1.21588518 0.94753493]
[1.21587674 0.94753229]
[1.21586855 0.94752991]
[1.21586148 0.94752689]
[1.21585412 0.94752227]
[1.21584774 0.94751736]
[1.21584118 0.94751315]
[1.21583574 0.94751041]
[1.21582988 0.94750767]
[1.21582508 0.94750341]
[1.21581953 0.94749624]
[1.21581464 0.94748986]
[1.21581026 0.94748394]
[1.21580667 0.94747905]
[1.21580375 0.94747503]
[1.21580111 0.94747141]
[1.21579877 0.94746803]
[1.2157967 0.947465 ]
[1.21579483 0.94746224]
[1.21579324 0.94745965]
[1.21579181 0.94745728]
[1.21579053 0.94745506]
[1.21578937 0.94745296]
[1.215788   0.94745108]
[1.21578694 0.94744909]
[1.21578547 0.94744728]
[1.21578444 0.94744479]
[1.21578254 0.94744066]
[1.21578105 0.94743629]
[1.21577897 0.94743248]
[1.21577759 0.94743008]
[1.21577538 0.94742767]
[1.21577377 0.9474238 ]
[1.21577116 0.947417  ]
[1.21576888 0.94741073]
[1.21576683 0.94740506]
[1.21576533 0.94740038]
[1.21576435 0.94739657]
[1.21576375 0.94739369]
[1.21576355 0.94739153]
[1.21576408 0.94739005]
[1.21576489 0.947389  ]
[1.2157656  0.94738808]
[1.21576632 0.94738723]
[1.21576698 0.94738648]
[1.21576753 0.94738569]
[1.21576824 0.94738557]
[1.21576908 0.94738561]
[1.21577008 0.94738583]
[1.21577123 0.94738633]
[1.21577261 0.94738696]
[1.21577401 0.94738773]
[1.21577546 0.94738828]
[1.21577686 0.94738874]
[1.21577821 0.94738914]
[1.21577957 0.94738932]
[1.21578083 0.94738946]
[1.21578209 0.9473896 ]
[1.21578332 0.94738983]
[1.21578444 0.9473901 ]
[1.21578571 0.94739014]
[1.21578707 0.94739006]
[1.21578838 0.94738973]
[1.21578956 0.94738928]
[1.21579173 0.94738999]
[1.2157947  0.94739185]
[1.21579786 0.94739394]
[1.21580119 0.94739624]
[1.21580499 0.94739896]
[1.2158092  0.94740203]
[1.21581298 0.94740474]
[1.21581643 0.94740723]
[1.2158195  0.94740944]
[1.21582225 0.94741143]
[1.21582466 0.94741321]
[1.2158269 0.9474148]
[1.2160037  0.94744129]
[1.21616297 0.94746497]
[1.21630636 0.94748626]
[1.21643557 0.94750531]
[1.21655199 0.94752237]
[1.21665676 0.94753771]
[1.21675114 0.94755146]
[1.21683619 0.94756405]
[1.21691284 0.94757542]
[1.21698206 0.94758552]
[1.21704455 0.94759431]
[1.21710086 0.94760205]
[1.21715166 0.94760887]
[1.21719837 0.94761608]
[1.2172414  0.94762387]
[1.21728018 0.94763073]
[1.21731506 0.94763692]
[1.21734649 0.9476425 ]
[1.21737475 0.94764757]
[1.21750442 0.94767594]
[1.21762123 0.94770139]
[1.21772639 0.94772421]
[1.21782118 0.94774466]
[1.21790663 0.94776307]
[1.21798357 0.94777959]
[1.21805298 0.94779448]
[1.21811554 0.94780788]
[1.21817185 0.94782013]
[1.21822279 0.94783094]
[1.21826888 0.94784044]
[1.21831035 0.94784879]
[1.2183478  0.94785614]
[1.21838246 0.94786394]
[1.21841465 0.94787211]
[1.21844413 0.94787987]
[1.21847115 0.94788726]
[1.21849633 0.94789455]
[1.21851978 0.94790177]
[1.218541   0.94790847]
[1.21856015 0.9479147 ]
[1.21857732 0.94792036]
[1.21859265 0.94792547]
[1.21860634 0.94793011]
[1.2186185  0.94793428]
[1.21863042 0.94793845]
[1.21864223 0.94794243]
[1.21865285 0.94794613]
[1.21866243 0.94794947]
[1.21874827 0.94796324]
[1.21882568 0.94797548]
[1.21889551 0.94798652]
[1.21895838 0.94799633]
[1.2190151  0.94800509]
[1.21906617 0.94801291]
[1.21911221 0.94801996]
[1.21915385 0.94802643]
[1.21919135 0.9480324 ]
[1.21922526 0.94803756]
[1.21925611 0.94804201]
[1.21928386 0.94804588]
[1.21930895 0.94804918]
[1.21933251 0.94805327]
[1.21935484 0.94805816]
[1.21937531 0.94806294]
[1.21939421 0.94806763]
[1.21941212 0.94807249]
[1.21942905 0.94807753]
[1.21944434 0.94808226]
[1.21945823 0.94808678]
[1.21947062 0.94809075]
[1.21948167 0.94809433]
[1.21949151 0.94809769]
[1.2195002  0.94810082]
[1.21950905 0.9481039 ]
[1.21951806 0.94810704]
[1.21952664 0.94811015]
[1.21953489 0.94811326]
[1.21954309 0.94811632]
[1.21955115 0.94811924]
[1.2195589  0.94812207]
[1.21956639 0.94812475]
[1.21957368 0.9481271 ]
[1.21958066 0.94812935]
[1.21958755 0.94813148]
[1.21959432 0.94813348]
[1.2196009  0.94813555]
[1.21960729 0.94813758]
[1.22000941 0.94816355]
[1.22037144 0.94818678]
[1.22069734 0.94820765]
[1.22099074 0.94822642]
[1.22125486 0.94824325]
[1.22149264 0.94825836]
[1.22170677 0.94827186]
[1.22189954 0.9482842 ]
[1.22207316 0.94829546]
[1.22222948 0.94830553]
[1.2223702  0.94831457]
[1.22249683 0.94832262]
[1.22261086 0.94832996]
[1.22271342 0.94833656]
[1.22280577 0.94834249]
[1.22288888 0.94834793]
[1.22296373 0.94835276]
[1.22303103 0.94835721]
[1.22309163 0.9483612 ]
[1.22314624 0.94836471]
[1.22319532 0.94836794]
[1.22323956 0.94837084]
[1.22327936 0.94837338]
[1.22331513 0.94837571]
[1.22334735 0.9483778 ]
[1.22337639 0.94837971]
[1.22340267 0.9483814 ]
[1.22342631 0.94838295]
[1.22344755 0.94838425]
[1.22346667 0.94838548]
[1.22348383 0.94838659]
[1.22349933 0.94838762]
[1.22351328 0.94838847]
[1.22352588 0.94838921]
[1.22353717 0.94838989]
[1.22354741 0.94839041]
[1.22355672 0.94839074]
[1.22356519 0.94839097]
[1.22357291 0.94839121]
[1.22357991 0.94839137]
[1.22358633 0.94839154]
[1.22359213 0.94839176]
[1.22359749 0.94839211]
[1.22360253 0.94839224]
[1.2236072  0.94839206]
[1.22361154 0.94839165]
[1.22361554 0.94839115]
[1.22361914 0.94839072]
[1.22362228 0.94839032]
[1.22362534 0.94839038]
[1.22362823 0.94839099]
[1.22363086 0.94839156]
[1.22363324 0.94839209]
[1.22363569 0.94839352]
[1.22363816 0.94839556]
[1.22364033 0.94839743]
[1.22364227 0.94839919]
[1.2236441  0.94840088]
[1.22364573 0.94840253]
[1.22364715 0.94840406]
[1.22364838 0.94840546]
[1.22364955 0.94840686]
[1.22365058 0.948408  ]
[1.22365155 0.94840896]
[1.22365242 0.94840975]
[1.22365316 0.94841045]
[1.22365374 0.94841108]
[1.22365437 0.94841162]
[1.22365512 0.94841198]
[1.2235379  0.94852134]
[1.22343257 0.94861967]
[1.22333783 0.94870814]
[1.22325267 0.9487877 ]
[1.22317615 0.94885926]
[1.2231073  0.94892359]
[1.2230455  0.94898148]
[1.22298999 0.94903372]
[1.22294005 0.94908076]
[1.22289529 0.94912299]
[1.22285525 0.94916076]
[1.22281926 0.94919455]
[1.22278692 0.94922479]
[1.22275786 0.94925197]
[1.22273163 0.94927648]
[1.222708   0.94929867]
[1.22268684 0.94931863]
[1.22266779 0.94933669]
[1.22265065 0.94935309]
[1.22263533 0.94936795]
[1.22262154 0.94938141]
[1.2225597  0.94940855]
[1.22250426 0.94943295]
[1.22245445 0.94945466]
[1.22240973 0.94947433]
[1.22236953 0.94949195]
[1.22233341 0.94950778]
[1.22230108 0.94952191]
[1.22227207 0.94953484]
[1.22224604 0.94954655]
[1.22222281 0.9495569 ]
[1.22220207 0.94956598]
[1.22218351 0.94957399]
[1.22216685 0.94958105]
[1.2221519  0.94958736]
[1.22213843 0.94959305]
[1.22212635 0.94959839]
[1.22211553 0.94960342]
[1.22210573 0.94960779]
[1.22209692 0.9496117 ]
[1.22208901 0.94961535]
[1.22208181 0.9496187 ]
[1.22207557 0.949622  ]
[1.2220701  0.94962515]
[1.22206519 0.94962816]
[1.22206069 0.94963086]
[1.22205674 0.94963334]
[1.22205321 0.94963563]
[1.22205002 0.94963762]
[1.22204715 0.94963939]
[1.22204463 0.94964099]
[1.22204232 0.94964246]
[1.22204025 0.94964381]
[1.22203833 0.94964503]
[1.22203665 0.9496461 ]
[1.22203513 0.94964716]
[1.22203373 0.9496481 ]
[1.22203247 0.94964887]
[1.22203135 0.94964965]
[1.22203032 0.94965045]
[1.22219188 0.94971193]
[1.22233738 0.94976718]
[1.22246835 0.94981684]
[1.22258647 0.94986155]
[1.22269283 0.94990164]
[1.22278851 0.9499378 ]
[1.22287464 0.94997033]
[1.22295231 0.94999954]
[1.22302216 0.95002593]
[1.22308502 0.95004962]
[1.22314169 0.950071  ]
[1.22319274 0.95009025]
[1.2232387 0.9501076]
[1.22328007 0.95012324]
[1.2233174  0.95013738]
[1.22335099 0.95015002]
[1.22338119 0.95016138]
[1.22340841 0.95017171]
[1.22343299 0.95018103]
[1.22345506 0.95018941]
[1.22347501 0.95019693]
[1.22349287 0.95020367]
[1.22350891 0.95020974]
[1.22352353 0.95021521]
[1.22353666 0.95022021]
[1.22354851 0.95022474]
[1.22355913 0.95022879]
[1.22356859 0.95023238]
[1.223577   0.95023552]
[1.22350465 0.95022995]
[1.22343962 0.95022488]
[1.2233812  0.95022014]
[1.2233287  0.95021586]
[1.22328161 0.95021196]
[1.22323925 0.95020849]
[1.22320119 0.9502053 ]
[1.22316697 0.95020251]
[1.22313633 0.95020009]
[1.22310891 0.95019776]
[1.22308457 0.95019539]
[1.22306269 0.9501931 ]
[1.22304307 0.95019091]
[1.2230264  0.95018998]
[1.22301243 0.95019033]
[1.22299988 0.95019071]
[1.22298849 0.95019096]
[1.22297824 0.9501912 ]
[1.22296899 0.95019147]
[1.22296069 0.95019175]
[1.22295321 0.95019198]
[1.2229465  0.95019216]
[1.2229405  0.95019234]
[1.22293517 0.95019247]
[1.22293031 0.95019263]
[1.22292589 0.9501927 ]
[1.22292197 0.95019279]
[1.22291837 0.95019278]
[1.22291519 0.95019272]
[1.22310273 0.95023141]
[1.22327163 0.95026617]
[1.22342365 0.95029742]
[1.2235605  0.95032558]
[1.2236837  0.95035098]
[1.22379468 0.95037376]
[1.22389469 0.95039424]
[1.223985   0.95041306]
[1.22406665 0.95043031]
[1.22414038 0.95044594]
[1.22420682 0.95046017]
[1.2242666  0.95047295]
[1.22432048 0.95048442]
[1.22436905 0.95049487]
[1.22441299 0.95050433]
[1.22445243 0.9505127 ]
[1.22448782 0.95052019]
[1.22451977 0.95052706]
[1.22454849 0.95053322]
[1.2245744  0.95053872]
[1.22459766 0.95054375]
[1.22455293 0.950536  ]
[1.22451276 0.95052886]
[1.22447663 0.9505224 ]
[1.22444435 0.95051674]
[1.22441531 0.95051173]
[1.22438949 0.95050798]
[1.22436639 0.95050529]
[1.22434575 0.95050341]
[1.22432748 0.95050215]
[1.22431163 0.9505031 ]
[1.22429809 0.95050598]
[1.22428605 0.95050869]
[1.22427533 0.95051113]
[1.22426611 0.9505158 ]
[1.22425829 0.95052246]
[1.22425127 0.95052868]
[1.22424516 0.95053464]
[1.22424004 0.95054233]
[1.22423573 0.95055162]
[1.22423211 0.95056088]
[1.2242291  0.95056991]
[1.22422665 0.95057907]
[1.22422464 0.9505882 ]
[1.22422297 0.95059708]
[1.22422163 0.95060578]
[1.22422053 0.95061424]
[1.22421974 0.95062249]
[1.2240429  0.95092136]
[1.22388382 0.95119021]
[1.22374076 0.9514321 ]
[1.22361213 0.95164975]
[1.22349647 0.95184554]
[1.22339248 0.95202174]
[1.22329893 0.95218038]
[1.22321478 0.95232315]
[1.22313918 0.95245174]
[1.22307114 0.95256752]
[1.22300999 0.95267168]
[1.22295487 0.9527654 ]
[1.22290534 0.95284982]
[1.2228607  0.95292591]
[1.22282053 0.95299478]
[1.22278442 0.95305652]
[1.22275193 0.95311199]
[1.22272265 0.95316189]
[1.22269623 0.95320671]
[1.22267239 0.95324683]
[1.22265083 0.95328273]
[1.22263138 0.95331489]
[1.22261382 0.95334381]
[1.22259786 0.95336962]
[1.22258348 0.95339275]
[1.22247228 0.9534418 ]
[1.22237224 0.95348584]
[1.22228224 0.95352542]
[1.2222017  0.95356153]
[1.22212944 0.95359437]
[1.22206479 0.95362439]
[1.2220069  0.95365182]
[1.22195542 0.95367705]
[1.22190956 0.95369994]
[1.22186821 0.95372056]
[1.22183102 0.95373912]
[1.22179752 0.95375582]
[1.2217674  0.95377087]
[1.22174057 0.95378463]
[1.22171646 0.95379705]
[1.22169505 0.95380859]
[1.22167596 0.95381914]
[1.22165901 0.95382873]
[1.22139034 0.953747  ]
[1.2211484  0.95367328]
[1.22093073 0.95360688]
[1.22073447 0.95354705]
[1.22055797 0.95349301]
[1.22039865 0.95344431]
[1.22025558 0.95339964]
[1.22012589 0.95335753]
[1.22000935 0.95331897]
[1.21990368 0.95328433]
[1.21980902 0.95325427]
[1.21972385 0.9532273 ]
[1.2196472  0.95320278]
[1.21957825 0.9531802 ]
[1.21951608 0.95315949]
[1.21946025 0.95314071]
[1.21940999 0.95312375]
[1.2193652  0.95310882]
[1.21932521 0.95309582]
[1.21928958 0.95308465]
[1.21925779 0.95307513]
[1.21922976 0.95306695]
[1.219205   0.95305983]
[1.21918293 0.95305363]
[1.21916323 0.95304842]
[1.21914549 0.95304369]
[1.21912957 0.95303953]
[1.21911537 0.95303587]
[1.21910258 0.95303252]
[1.21909114 0.95302952]
[1.21908111 0.95302722]
[1.21896959 0.95302884]
[1.21886921 0.95303011]
[1.21877882 0.95303121]
[1.21869722 0.95303221]
[1.2186239  0.95303288]
[1.2185575 0.9530334]
[1.21849799 0.95303309]
[1.2184435  0.95303093]
[1.21839462 0.95302824]
[1.21834987 0.95302594]
[1.21831007 0.95302492]
[1.21827328 0.95302377]
[1.21824068 0.95302102]
[1.21821003 0.95301526]
[1.21818235 0.95301007]
[1.2181578  0.95300569]
[1.21813597 0.95300212]
[1.21811653 0.95299913]
[1.21809936 0.95299668]
[1.21808425 0.95299473]
[1.21807075 0.95299311]
[1.21805868 0.95299146]
[1.21804783 0.95299003]
[1.21803805 0.95298866]
[1.21802937 0.95298738]
[1.21802145 0.95298627]
[1.2180144  0.95298536]
[1.2180081 0.9529845]
[1.21800257 0.95298388]
[1.21799756 0.95298328]
[1.21799298 0.95298251]
[1.21798852 0.95298187]
[1.21798481 0.95298101]
[1.21798094 0.95298038]
[1.21797768 0.95297885]
[1.21797384 0.95297561]
[1.21797064 0.95297202]
[1.21796697 0.9529688 ]
[1.21796407 0.95296708]
[1.21796055 0.9529653 ]
[1.21795781 0.9529618 ]
[1.21795406 0.95295549]
[1.21795079 0.95294975]
[1.21794792 0.95294441]
[1.21794573 0.95294004]
[1.21794401 0.95293655]
[1.21794276 0.95293388]
[1.21794188 0.95293187]
[1.21794185 0.95293049]
[1.21794225 0.95292954]
[1.21794265 0.95292907]
[1.21794334 0.95292876]
[1.21794413 0.95292877]
[1.21794505 0.95292926]
[1.21794613 0.95292999]
[1.21794718 0.95293066]
[1.21794824 0.95293163]
[1.21794983 0.95293309]
[1.21795199 0.95293495]
[1.21795443 0.95293681]
[1.2176257  0.95282651]
[1.21732969 0.95272705]
[1.21706337 0.95263751]
[1.21682332 0.95255689]
[1.21660754 0.95248401]
[1.21641325 0.9524184 ]
[1.21623833 0.95235957]
[1.21608095 0.95230652]
[1.2159391  0.95225898]
[1.21581159 0.95221599]
[1.21569643 0.95217637]
[1.21559304 0.95214029]
[1.21549948 0.95210644]
[1.21541551 0.9520756 ]
[1.21533925 0.95204829]
[1.21526968 0.9520233 ]
[1.21520617 0.95199824]
[1.21514911 0.9519757 ]
[1.21509779 0.95195544]
[1.215052   0.95193752]
[1.21501108 0.9519218 ]
[1.21497459 0.95190808]
[1.21494211 0.95189621]
[1.21491355 0.95188591]
[1.21488814 0.95187695]
[1.21486527 0.95186887]
[1.21484477 0.95186159]
[1.21482627 0.95185505]
[1.21480926 0.95184883]
[1.21479406 0.95184334]
[1.21478064 0.95183887]
[1.21476874 0.95183514]
[1.21475814 0.95183197]
[1.21474878 0.95182926]
[1.21448798 0.95178316]
[1.21425326 0.95174158]
[1.21404188 0.95170444]
[1.21385172 0.9516708 ]
[1.21368036 0.95164084]
[1.21352627 0.95161331]
[1.21338692 0.9515872 ]
[1.21326181 0.95156342]
[1.2131485  0.95154223]
[1.2130466  0.95152305]
[1.21295415 0.95150467]
[1.21287118 0.95148728]
[1.21279565 0.95147006]
[1.2127282  0.95145385]
[1.21266747 0.95143916]
[1.21265745 0.95144996]
[1.21264859 0.9514597 ]
[1.21264056 0.9514683 ]
[1.21263338 0.95147599]
[1.21262698 0.95148296]
[1.21262125 0.95148936]
[1.21261603 0.95149505]
[1.21261142 0.95150027]
[1.21260735 0.95150518]
[1.21260391 0.95150996]
[1.21260084 0.9515141 ]
[1.21259846 0.951518  ]
[1.21259676 0.95152181]
[1.21259563 0.95152543]
[1.21259524 0.95152891]
[1.21234754 0.95146995]
[1.2121247  0.95141672]
[1.2119241  0.95136871]
[1.21174326 0.95132545]
[1.21158072 0.9512863 ]
[1.21143384 0.95125108]
[1.21130186 0.95121843]
[1.21118323 0.95118912]
[1.21107634 0.9511627 ]
[1.21098026 0.95113902]
[1.21089357 0.95111788]
[1.21081579 0.95109934]
[1.21074549 0.95108291]
[1.21068257 0.95106886]
[1.21062541 0.95105634]
[1.21057401 0.95104505]
[1.21052777 0.95103475]
[1.21048656 0.95102591]
[1.21044976 0.95101831]
[1.21041701 0.95101193]
[1.21038781 0.95100663]
[1.21036231 0.95100231]
[1.21033969 0.95099874]
[1.21031946 0.95099584]
[1.21030147 0.95099349]
[1.2102855  0.95099153]
[1.21027135 0.95099028]
[1.21025883 0.95098933]
[1.21024749 0.95098856]
[1.21023754 0.95098826]
[1.21022932 0.95098865]
[1.2102226  0.95098952]
[1.21021715 0.95099057]
[1.20988106 0.95087983]
[1.20957859 0.95078009]
[1.20930634 0.95069015]
[1.20906107 0.95060921]
[1.20884046 0.95053608]
[1.20864139 0.95047027]
[1.2084625  0.95041021]
[1.20830055 0.95035414]
[1.20815502 0.95030308]
[1.20802409 0.95025721]
[1.20790614 0.95021576]
[1.20780012 0.95017844]
[1.20770456 0.95014519]
[1.20761879 0.95011565]
[1.20754135 0.95008925]
[1.20747204 0.950066  ]
[1.20740921 0.95004489]
[1.20735262 0.95002582]
[1.20730191 0.95000858]
[1.20725629 0.94999299]
[1.20721529 0.94997895]
[1.20717859 0.94996633]
[1.20714561 0.9499549 ]
[1.20711591 0.94994454]
[1.20708919 0.94993534]
[1.20706514 0.94992693]
[1.20704346 0.94991934]
[1.2070239  0.94991256]
[1.20700628 0.94990649]
[1.2069906  0.94990096]
[1.20697643 0.94989605]
[1.2069636  0.94989162]
[1.20695217 0.94988768]
[1.20694216 0.9498847 ]
[1.20693351 0.94988246]
[1.206926   0.94988062]
[1.20691931 0.9498791 ]
[1.20677249 0.94989504]
[1.20664042 0.94990933]
[1.20652166 0.94992209]
[1.20641483 0.94993351]
[1.20631886 0.94994374]
[1.20623259 0.9499529 ]
[1.206155   0.94996117]
[1.20608528 0.94996864]
[1.20602267 0.94997543]
[1.20596654 0.94998136]
[1.20591616 0.94998643]
[1.20587111 0.94999126]
[1.2058308  0.94999584]
[1.20579452 0.95000001]
[1.20576178 0.95000368]
[1.20573236 0.95000691]
[1.20570599 0.95000986]
[1.20568216 0.95001248]
[1.20566066 0.95001491]
[1.20564136 0.95001695]
[1.20562404 0.95001872]
[1.20580844 0.95011076]
[1.20597443 0.95019351]
[1.20612399 0.95026788]
[1.20625861 0.95033478]
[1.2063799  0.95039491]
[1.20648909 0.9504491 ]
[1.20658738 0.95049791]
[1.20667587 0.9505417 ]
[1.20675558 0.95058122]
[1.20682735 0.95061682]
[1.20689184 0.95064892]
[1.20694994 0.95067759]
[1.20700211 0.95070317]
[1.20704907 0.95072769]
[1.20709142 0.95075123]
[1.20712951 0.95077254]
[1.20716372 0.95079166]
[1.20719458 0.95081025]
[1.20722238 0.95082848]
[1.20724735 0.95084526]
[1.20726985 0.95086061]
[1.20729013 0.95087548]
[1.20730826 0.95088977]
[1.20732457 0.95090273]
[1.20733926 0.95091427]
[1.20735251 0.95092474]
[1.20736441 0.95093404]
[1.20737521 0.95094247]
[1.20738489 0.95095005]
[1.20739367 0.95095691]
[1.20740157 0.95096318]
[1.20749894 0.95076933]
[1.20758671 0.95059472]
[1.20766577 0.95043749]
[1.20773704 0.95029594]
[1.20780131 0.9501686 ]
[1.20785918 0.95005388]
[1.20791137 0.94995073]
[1.20795842 0.94985795]
[1.20800088 0.94977453]
[1.20803932 0.94969928]
[1.20807409 0.94963141]
[1.20810568 0.94957043]
[1.20813428 0.94951576]
[1.20816078 0.94946726]
[1.20818542 0.94942427]
[1.20820798 0.94938593]
[1.20822857 0.94935157]
[1.20824701 0.9493207 ]
[1.20826363 0.94929292]
[1.20827853 0.949268  ]
[1.20829202 0.94924549]
[1.20842605 0.94925633]
[1.20854677 0.94926587]
[1.20865552 0.94927449]
[1.20875351 0.94928219]
[1.2088418  0.94928899]
[1.20892127 0.94929516]
[1.2089929  0.94930069]
[1.20905741 0.94930577]
[1.20911559 0.94931045]
[1.20916826 0.9493144 ]
[1.20921581 0.94931786]
[1.2092588  0.94932112]
[1.20929773 0.94932425]
[1.20933363 0.94932778]
[1.2093667  0.94933168]
[1.20939664 0.94933538]
[1.20942392 0.94933902]
[1.20944899 0.94934273]
[1.20947226 0.94934649]
[1.20949327 0.94934996]
[1.20951234 0.94935332]
[1.20952985 0.94935656]
[1.20954599 0.94935971]
[1.20987056 0.94942338]
[1.21016282 0.94948059]
[1.21042591 0.94953191]
[1.21066287 0.94957807]
[1.21087623 0.94961959]
[1.21106834 0.94965694]
[1.21124139 0.94969055]
[1.21139717 0.94972094]
[1.2115374  0.94974839]
[1.21166385 0.94977285]
[1.21177793 0.94979471]
[1.21188087 0.9498145 ]
[1.21197368 0.9498325 ]
[1.21205792 0.94984958]
[1.21213451 0.94986567]
[1.21220372 0.94988031]
[1.21226626 0.94989371]
[1.21232326 0.94990619]
[1.21237512 0.94991791]
[1.21242191 0.94992859]
[1.21246429 0.94993829]
[1.21250272 0.94994736]
[1.2125377  0.94995573]
[1.21287847 0.95002419]
[1.21318536 0.95008575]
[1.21346163 0.95014107]
[1.2137104  0.95019075]
[1.21393444 0.9502354 ]
[1.21413605 0.95027555]
[1.2143177  0.95031182]
[1.21448119 0.95034452]
[1.21462846 0.95037414]
[1.21476111 0.95040056]
[1.21488075 0.95042401]
[1.21498873 0.9504454 ]
[1.21508617 0.95046485]
[1.21517463 0.95048322]
[1.21525497 0.95050031]
[1.21532763 0.95051597]
[1.21539315 0.95053032]
[1.21545275 0.95054367]
[1.21550704 0.95055605]
[1.21555607 0.95056735]
[1.21560032 0.95057765]
[1.21564052 0.9505873 ]
[1.21567706 0.95059615]
[1.21601863 0.95066505]
[1.21632612 0.95072704]
[1.21660299 0.95078275]
[1.21685225 0.95083279]
[1.21707673 0.95087785]
[1.21727885 0.95091835]
[1.21746081 0.95095484]
[1.21762466 0.95098775]
[1.21777229 0.95101747]
[1.21790528 0.95104397]
[1.21802526 0.9510676 ]
[1.21813351 0.95108909]
[1.21823115 0.95110866]
[1.21831983 0.95112702]
[1.21840037 0.95114424]
[1.21847316 0.95115999]
[1.21853883 0.9511744 ]
[1.21859856 0.95118779]
[1.2186529  0.95120027]
[1.218702   0.95121163]
[1.21874634 0.95122196]
[1.21878659 0.95123159]
[1.21882324 0.95124046]
[1.21885612 0.95124853]
[1.21888575 0.95125575]
[1.21900564 0.95128396]
[1.21911375 0.95130925]
[1.21921104 0.95133191]
[1.21929872 0.95135229]
[1.21937776 0.95137063]
[1.21944896 0.95138702]
[1.2195131  0.95140178]
[1.21957099 0.95141522]
[1.21962319 0.95142734]
[1.2196701 0.9514383]
[1.2197123 0.9514482]
[1.21975029 0.95145706]
[1.21978446 0.95146503]
[1.21981529 0.9514722 ]
[1.21984301 0.95147858]
[1.21986793 0.95148439]
[1.21989035 0.95148965]
[1.21991054 0.95149441]
[1.21992869 0.95149872]
[1.2199451  0.95150261]
[1.21995995 0.95150621]
[1.21997331 0.95150938]
[1.21998534 0.95151224]
[1.2199961  0.95151483]
[1.22000582 0.95151712]
[1.22001454 0.95151922]
[1.22002239 0.95152105]
[1.22002946 0.95152293]
[1.22003592 0.95152457]
[1.22004179 0.95152603]
[1.22004698 0.9515273 ]
[1.22005168 0.95152826]
[1.22005604 0.95152901]
[1.22005999 0.95152973]
[1.22006352 0.95153032]
[1.22006672 0.95153084]
[1.22006971 0.95153127]
[1.22007248 0.95153161]
[1.22007501 0.95153186]
[1.2200775  0.95153209]
[1.22007981 0.95153223]
[1.22008186 0.95153244]
[1.22008375 0.95153256]
[1.22008546 0.95153276]
[1.22008683 0.95153306]
[1.22008808 0.95153316]
[1.22008908 0.95153308]
[1.22008997 0.95153306]
[1.22009067 0.9515331 ]
[1.22009122 0.95153267]
[1.22009175 0.95153195]
[1.22009207 0.95153151]
[1.2200923  0.95153127]
[1.2200924  0.95153103]
[1.22009232 0.9515307 ]
[1.22009213 0.95153038]
[1.22009188 0.95153002]
[1.22009148 0.95152975]
[1.22009098 0.95152962]
[1.22009041 0.95152926]
[1.22008979 0.95152881]
[1.22008921 0.95152836]
[1.22008865 0.95152787]
[1.22008814 0.95152749]
[1.22008763 0.95152718]
[1.21993807 0.9516551 ]
[1.21980354 0.95177016]
[1.21968265 0.95187353]
[1.2195739  0.95196662]
[1.21947612 0.95205032]
[1.21938814 0.95212563]
[1.21930892 0.9521934 ]
[1.21923755 0.95225435]
[1.21917339 0.95230916]
[1.21911564 0.95235856]
[1.21906364 0.95240305]
[1.2190169  0.95244294]
[1.21897495 0.95247865]
[1.21893707 0.95251075]
[1.21890303 0.95253961]
[1.21887235 0.9525656 ]
[1.21884476 0.95258903]
[1.21882003 0.95261034]
[1.21879777 0.95262969]
[1.2187777  0.95264713]
[1.21875967 0.95266273]
[1.21874353 0.9526771 ]
[1.21872904 0.9526904 ]
[1.21871599 0.95270244]
[1.21870432 0.95271326]
[1.2186939 0.9527235]
[1.21868465 0.95273313]
[1.21867634 0.9527419 ]
[1.21866884 0.95274983]
[1.21866218 0.95275707]
[1.21865636 0.95276373]
[1.21890285 0.95292778]
[1.21912484 0.95307528]
[1.21932469 0.95320801]
[1.2195046  0.95332747]
[1.21966648 0.9534349 ]
[1.21981215 0.95353177]
[1.2199432  0.95361901]
[1.22006112 0.95369748]
[1.22016716 0.95376802]
[1.22026256 0.95383157]
[1.22034835 0.95388892]
[1.22042549 0.95394048]
[1.22049494 0.95398685]
[1.22055751 0.95402857]
[1.22061365 0.95406612]
[1.22066428 0.95409999]
[1.22070984 0.9541305 ]
[1.22075079 0.95415785]
[1.22078775 0.95418251]
[1.22082103 0.95420474]
[1.22085113 0.95422469]
[1.22087804 0.95424269]
[1.22090222 0.95425891]
[1.22092403 0.95427346]
[1.22094375 0.9542866 ]
[1.2209615  0.95429846]
[1.22097744 0.95430909]
[1.2209918  0.95431873]
[1.22100484 0.95432736]
[1.22101669 0.95433506]
[1.2210273  0.95434198]
[1.22103705 0.95434826]
[1.22104597 0.95435391]
[1.22079427 0.95426773]
[1.2205677  0.95419017]
[1.22036382 0.95412052]
[1.22018022 0.95405784]
[1.22001485 0.95400148]
[1.21986599 0.95395063]
[1.21973188 0.95390492]
[1.2196116  0.95386406]
[1.21950375 0.9538274 ]
[1.21940676 0.95379448]
[1.2193195  0.95376491]
[1.21924153 0.9537385 ]
[1.2191718  0.95371507]
[1.21910912 0.95369399]
[1.21905277 0.95367517]
[1.21900199 0.95365818]
[1.21895615 0.953643  ]
[1.21891511 0.95362957]
[1.21887823 0.95361772]
[1.21884512 0.95360711]
[1.21881533 0.95359758]
[1.21878833 0.95358926]
[1.21876406 0.95358193]
[1.21857638 0.9535663 ]
[1.21840759 0.95355221]
[1.2182558  0.95353945]
[1.21811925 0.95352789]
[1.21799645 0.95351746]
[1.21788606 0.95350803]
[1.21778677 0.95349953]
[1.21769749 0.95349192]
[1.21761722 0.95348519]
[1.21754514 0.95347905]
[1.2174805  0.95347323]
[1.21742241 0.95346816]
[1.2173701  0.95346362]
[1.217323   0.95345964]
[1.21728068 0.95345607]
[1.21724293 0.95345318]
[1.21720926 0.953451  ]
[1.21717905 0.95344917]
[1.21715192 0.95344773]
[1.21712774 0.95344677]
[1.2171062  0.95344624]
[1.2172554  0.95347843]
[1.21738979 0.9535073 ]
[1.21751077 0.95353325]
[1.21761997 0.95355705]
[1.21771867 0.95357873]
[1.21780788 0.95359876]
[1.21788822 0.95361728]
[1.21796134 0.95363436]
[1.21802748 0.95365003]
[1.2180875  0.95366439]
[1.21814167 0.95367762]
[1.2181907  0.95368978]
[1.21823496 0.95370108]
[1.21827501 0.95371161]
[1.21831104 0.95372102]
[1.21834341 0.95372957]
[1.21837262 0.95373714]
[1.2183991  0.95374426]
[1.21832064 0.9537545 ]
[1.21825004 0.95376357]
[1.21818644 0.95377166]
[1.2181289  0.95377894]
[1.21807727 0.9537852 ]
[1.21803036 0.95379096]
[1.21798833 0.95379521]
[1.21794959 0.95379712]
[1.21791484 0.95379826]
[1.21788285 0.9537993 ]
[1.2178545  0.95380134]
[1.21782796 0.95380291]
[1.2178046  0.95380259]
[1.2177823 0.953799 ]
[1.21776226 0.95379573]
[1.21774426 0.95379272]
[1.21772802 0.95379002]
[1.21771345 0.95378763]
[1.21770039 0.95378543]
[1.21768868 0.95378342]
[1.21767813 0.95378178]
[1.21766878 0.95378037]
[1.21766035 0.95377894]
[1.21765327 0.95377741]
[1.21764688 0.95377595]
[1.21764107 0.95377465]
[1.21763586 0.95377344]
[1.21763115 0.95377244]
[1.21762691 0.95377145]
[1.21762314 0.95377166]
[1.21762022 0.9537725 ]
[1.21761788 0.95377383]
[1.21761572 0.95377496]
[1.21761385 0.95377603]
[1.21761214 0.95377697]
[1.21761086 0.95377782]
[1.21760966 0.95377863]
[1.21760889 0.95377926]
[1.21760837 0.95377983]
[1.21760817 0.95378046]
[1.21760803 0.9537809 ]
[1.21760834 0.95378124]
[1.21760913 0.9537814 ]
[1.21761078 0.95378143]
[1.21761294 0.95378122]
[1.21761531 0.95378143]
[1.21761784 0.95378165]
[1.21762072 0.95378209]
[1.2176216  0.95378154]
[1.2176233 0.9537809]
[1.21762596 0.95378039]
[1.21762886 0.95378015]
[1.2176319  0.95378015]
[1.21763534 0.95378026]
[1.21763837 0.95378017]
[1.2176411  0.95378001]
[1.21764307 0.95378082]
[1.21764454 0.95378184]
[1.21764511 0.9537837 ]
[1.21764603 0.95378523]
[1.21764612 0.95378539]
[1.21764668 0.9537855 ]
[1.21764622 0.95378736]
[1.21764545 0.95378965]
[1.2176438  0.95378975]
[1.21764243 0.95378734]
[1.21764011 0.95378098]
[1.21763869 0.95376899]
[1.21763617 0.95375323]
[1.21763465 0.95373542]
[1.21782153 0.9537442 ]
[1.21798988 0.95375208]
[1.21814139 0.95375901]
[1.21827808 0.95376568]
[1.21840141 0.95377204]
[1.21851272 0.95377832]
[1.21861315 0.95378431]
[1.21870422 0.95379018]
[1.21878659 0.95379559]
[1.21886123 0.9538008 ]
[1.21892857 0.95380577]
[1.21898945 0.95381049]
[1.21904432 0.95381519]
[1.21909399 0.95381979]
[1.2191387 0.9538239]
[1.21917915 0.95382789]
[1.21921614 0.95383226]
[1.21925029 0.95383656]
[1.21928136 0.95384079]
[1.21897625 0.95373212]
[1.21870168 0.95363426]
[1.2184545  0.95354618]
[1.21823204 0.95346718]
[1.21803225 0.9533965 ]
[1.21785224 0.95333306]
[1.21769093 0.95327512]
[1.21754513 0.95322264]
[1.21741417 0.95317555]
[1.21729562 0.9531323 ]
[1.21718908 0.95309196]
[1.21709319 0.95305573]
[1.21700688 0.95302309]
[1.21692941 0.95299376]
[1.21685968 0.95296725]
[1.21679694 0.95294327]
[1.21674091 0.95292207]
[1.21669067 0.95290347]
[1.21664546 0.95288671]
[1.21660488 0.95287153]
[1.21656849 0.95285785]
[1.21653565 0.95284554]
[1.21650611 0.95283444]
[1.21647949 0.95282445]
[1.21645554 0.95281545]
[1.21643398 0.95280716]
[1.21641448 0.9527996 ]
[1.21631468 0.95275437]
[1.21622481 0.95271358]
[1.21614397 0.95267694]
[1.21607076 0.95264475]
[1.216005   0.95261579]
[1.21594515 0.95258995]
[1.2158915  0.95256639]
[1.21584243 0.9525439 ]
[1.2157985  0.95252337]
[1.21575816 0.95250407]
[1.21572234 0.95248442]
[1.21568905 0.95246537]
[1.21565912 0.95244607]
[1.21563113 0.95242529]
[1.21560611 0.95240423]
[1.21558361 0.95238525]
[1.21556339 0.95236802]
[1.21554527 0.95235242]
[1.21552898 0.95233825]
[1.2155148  0.95232593]
[1.21550234 0.95231514]
[1.21549145 0.95230596]
[1.21548184 0.95229818]
[1.21547393 0.95229158]
[1.21546725 0.95228591]
[1.21546163 0.95228119]
[1.21545685 0.9522773 ]
[1.21545274 0.95227404]
[1.21544916 0.95227148]
[1.2154461  0.95226944]
[1.21544333 0.95226766]
[1.215441   0.95226634]
[1.21543963 0.95226578]
[1.21543913 0.95226585]
[1.21543924 0.95226616]
[1.21510603 0.95215412]
[1.21480618 0.95205316]
[1.21453634 0.95196223]
[1.2142931  0.95188033]
[1.21407441 0.9518064 ]
[1.21387708 0.95173978]
[1.21369972 0.95167895]
[1.21353918 0.95162238]
[1.21339485 0.95157082]
[1.2132642  0.95152449]
[1.21314686 0.95148376]
[1.21303992 0.95144675]
[1.21294386 0.95141383]
[1.21285587 0.95138352]
[1.21277706 0.95135661]
[1.21270421 0.95133095]
[1.21263879 0.95130771]
[1.2125799  0.95128668]
[1.21252734 0.95126815]
[1.21248032 0.95125175]
[1.21243832 0.95123757]
[1.21240076 0.95122523]
[1.21236761 0.95121462]
[1.2123382  0.95120536]
[1.21231222 0.95119731]
[1.21228909 0.95119042]
[1.21226883 0.95118455]
[1.21225091 0.95117962]
[1.21223505 0.95117568]
[1.21222077 0.9511722 ]
[1.21220824 0.95116931]
[1.2121973  0.95116698]
[1.21218742 0.95116488]
[1.21217852 0.95116308]
[1.21217055 0.95116145]
[1.21205406 0.95115221]
[1.21194921 0.95114385]
[1.21185473 0.9511361 ]
[1.2117695  0.95112928]
[1.21169283 0.95112279]
[1.21162337 0.95111699]
[1.21156113 0.95111086]
[1.21150413 0.95110342]
[1.21145301 0.95109607]
[1.21140622 0.95108959]
[1.21136436 0.95108468]
[1.2113255 0.9510799]
[1.21129054 0.95107588]
[1.21125914 0.9510723 ]
[1.21123094 0.95106913]
[1.21125065 0.95106358]
[1.21126853 0.95105851]
[1.21128468 0.95105385]
[1.21129961 0.95105   ]
[1.21131328 0.95104697]
[1.21132594 0.95104477]
[1.21133752 0.95104321]
[1.2113487  0.95104226]
[1.21135917 0.95104169]
[1.21136911 0.95104155]
[1.21137828 0.95104162]
[1.21138681 0.95104198]
[1.21139455 0.95104274]
[1.21140172 0.95104376]
[1.21140823 0.95104467]
[1.21141399 0.95104544]
[1.21141926 0.95104596]
[1.21142406 0.95104637]
[1.21142843 0.95104676]
[1.21143236 0.95104716]
[1.21143594 0.95104754]
[1.21143916 0.9510479 ]
[1.21144205 0.95104817]
[1.21144464 0.95104846]
[1.21144697 0.95104871]
[1.21144911 0.95104897]
[1.21145103 0.95104912]
[1.21145273 0.95104928]
[1.21145414 0.95104949]
[1.21145537 0.9510498 ]
[1.21145648 0.95105011]
[1.21145758 0.95105034]
[1.21145849 0.95105064]
[1.2114593  0.95105112]
[1.21146002 0.95105144]
[1.21146068 0.95105171]
[1.21146174 0.95105182]
[1.21146303 0.9510518 ]
[1.21146416 0.9510518 ]
[1.21146527 0.95105178]
[1.21146661 0.95105195]
[1.21146815 0.95105222]
[1.21147005 0.95105254]
[1.21147208 0.95105307]
[1.2114745  0.95105375]
[1.21147719 0.95105444]
[1.21148005 0.95105522]
[1.21148291 0.951056  ]
[1.21148588 0.95105682]
[1.21148903 0.95105777]
[1.21144487 0.95104818]
[1.21140517 0.95103952]
[1.2113696  0.95103164]
[1.21133767 0.95102458]
[1.21130907 0.95101815]
[1.21128336 0.95101228]
[1.21126025 0.95100706]
[1.21123958 0.95100243]
[1.21122112 0.95099831]
[1.21120475 0.95099445]
[1.2111902  0.95099081]
[1.21117727 0.95098777]
[1.21116594 0.95098516]
[1.21115647 0.95098348]
[1.21114866 0.95098273]
[1.21114191 0.95098225]
[1.21113609 0.950982  ]
[1.21113144 0.95098219]
[1.21112775 0.95098288]
[1.2111246  0.95098361]
[1.21112196 0.95098424]
[1.21112006 0.9509852 ]
[1.21111862 0.95098638]
[1.21142735 0.95104819]
[1.21170522 0.95110381]
[1.21195548 0.95115374]
[1.21218081 0.95119868]
[1.21238369 0.95123898]
[1.21256642 0.95127519]
[1.21273085 0.95130788]
[1.21287899 0.95133746]
[1.21301244 0.95136406]
[1.21313276 0.95138789]
[1.21324121 0.95140909]
[1.21333902 0.95142836]
[1.21342727 0.9514459 ]
[1.21350753 0.95146238]
[1.21358048 0.951478  ]
[1.21364646 0.95149224]
[1.21370607 0.95150521]
[1.21376031 0.95151738]
[1.21380965 0.95152871]
[1.21385423 0.951539  ]
[1.21389449 0.95154833]
[1.21398233 0.95157445]
[1.21406144 0.95159797]
[1.2141328  0.95161897]
[1.21419714 0.95163785]
[1.21425512 0.9516548 ]
[1.21430732 0.95167006]
[1.21435438 0.95168387]
[1.21439668 0.95169604]
[1.21443479 0.95170689]
[1.21446907 0.95171677]
[1.21450003 0.95172588]
[1.21452784 0.95173411]
[1.2145529  0.95174155]
[1.21457554 0.95174834]
[1.21459597 0.9517546 ]
[1.21461437 0.95176027]
[1.21463088 0.9517655 ]
[1.21464578 0.95177024]
[1.21465919 0.95177458]
[1.21467106 0.95177826]
[1.21468161 0.95178141]
[1.21469126 0.95178433]
[1.21470006 0.95178715]
[1.21470832 0.95179009]
[1.21471606 0.95179323]
[1.21472311 0.95179623]
[1.21472942 0.95179897]
[1.21473542 0.95180166]
[1.214741   0.95180435]
[1.21474608 0.95180681]
[1.21475055 0.95180911]
[1.21450705 0.95174883]
[1.21428806 0.95169452]
[1.21409101 0.95164549]
[1.21391376 0.95160136]
[1.21375441 0.95156159]
[1.21361105 0.95152578]
[1.21348217 0.95149358]
[1.21336625 0.9514645 ]
[1.21326197 0.95143841]
[1.21316808 0.9514149 ]
[1.2130836  0.95139369]
[1.21300782 0.95137467]
[1.2129398 0.9513576]
[1.21287867 0.95134227]
[1.21282364 0.95132841]
[1.21277411 0.95131596]
[1.21272947 0.95130474]
[1.21268933 0.95129462]
[1.21265325 0.95128549]
[1.21280263 0.95128338]
[1.21293719 0.95128139]
[1.21305832 0.95127954]
[1.21316751 0.95127778]
[1.21326575 0.95127626]
[1.21335436 0.95127481]
[1.2134342  0.95127343]
[1.21350619 0.95127232]
[1.21357095 0.9512714 ]
[1.21362929 0.95127053]
[1.21368184 0.95126971]
[1.21372911 0.95126903]
[1.2137716  0.95126842]
[1.21380985 0.95126789]
[1.21384425 0.95126736]
[1.21387521 0.95126693]
[1.21390314 0.9512665 ]
[1.21392826 0.95126602]
[1.21395089 0.9512656 ]
[1.2139712  0.95126524]
[1.21398951 0.95126496]
[1.21400591 0.95126461]
[1.21402073 0.95126429]
[1.21411185 0.95128894]
[1.21419401 0.95131112]
[1.21426807 0.951331  ]
[1.21433495 0.95134874]
[1.21439514 0.95136474]
[1.21444942 0.95137921]
[1.21449835 0.95139208]
[1.21454237 0.95140372]
[1.21458199 0.95141417]
[1.21461769 0.9514237 ]
[1.21464984 0.9514324 ]
[1.21467911 0.95144079]
[1.21470577 0.95144889]
[1.21472984 0.95145632]
[1.21475154 0.95146327]
[1.21477127 0.95146957]
[1.21478921 0.95147554]
[1.21480553 0.95148105]
[1.21482028 0.95148621]
[1.21483378 0.95149091]
[1.2148462 0.9514951]
[1.21485768 0.95149901]
[1.2148682  0.95150258]
[1.21487761 0.95150582]
[1.21488612 0.95150873]
[1.21489375 0.95151136]
[1.21490061 0.95151379]
[1.21490678 0.95151585]
[1.21491223 0.95151786]
[1.21491728 0.95151963]
[1.21492204 0.95152118]
[1.21492622 0.95152259]
[1.21492999 0.95152402]
[1.21493357 0.951525  ]
[1.2149369  0.95152577]
[1.21483579 0.95153116]
[1.21474483 0.95153587]
[1.21466308 0.95154009]
[1.21458949 0.95154395]
[1.21452334 0.95154745]
[1.21446381 0.95155054]
[1.21441031 0.95155324]
[1.21436223 0.95155567]
[1.21431898 0.95155793]
[1.21427998 0.95156002]
[1.21424484 0.95156179]
[1.21421332 0.95156407]
[1.21418513 0.95156678]
[1.21415986 0.9515694 ]
[1.21413712 0.95157187]
[1.21411651 0.95157405]
[1.21409787 0.95157605]
[1.21408104 0.95157789]
[1.21406587 0.95157953]
[1.21405214 0.95158098]
[1.21403975 0.95158216]
[1.21402856 0.95158317]
[1.21401846 0.95158406]
[1.21400938 0.95158459]
[1.21400122 0.9515851 ]
[1.21399395 0.95158564]
[1.2139873  0.95158627]
[1.21398126 0.95158694]
[1.21397577 0.95158753]
[1.21392516 0.95174921]
[1.21387972 0.9518945 ]
[1.21383899 0.95202517]
[1.2138023  0.95214279]
[1.2137694  0.95224865]
[1.21373988 0.95234383]
[1.2137134  0.95242953]
[1.21368973 0.95250671]
[1.21366846 0.9525763 ]
[1.2136496  0.95263862]
[1.21363281 0.95269456]
[1.2136179  0.95274515]
[1.21360472 0.95279072]
[1.2135935  0.95283242]
[1.21358415 0.95287062]
[1.21357597 0.95290518]
[1.21356893 0.95293652]
[1.21356306 0.95296514]
[1.21355848 0.95299137]
[1.21355446 0.95301503]
[1.21355087 0.95303638]
[1.21354802 0.95305591]
[1.21354582 0.95307373]
[1.21385397 0.95315068]
[1.21413135 0.95321982]
[1.21438113 0.95328196]
[1.21460599 0.9533378 ]
[1.21480856 0.953388  ]
[1.21499098 0.95343324]
[1.21515522 0.95347385]
[1.21530309 0.95351054]
[1.21543629 0.95354364]
[1.21555628 0.95357326]
[1.21566459 0.95359974]
[1.21576232 0.95362366]
[1.21585044 0.95364549]
[1.21593037 0.95366565]
[1.2160031  0.95368446]
[1.21606888 0.95370168]
[1.21612826 0.95371735]
[1.21618225 0.95373194]
[1.2162314  0.95374541]
[1.21627576 0.95375764]
[1.21631573 0.95376869]
[1.21635212 0.95377887]
[1.21638519 0.95378843]
[1.21672446 0.95385793]
[1.2170301  0.95392048]
[1.21730511 0.95397681]
[1.21755249 0.95402768]
[1.21777483 0.95407354]
[1.21797499 0.95411479]
[1.21815502 0.95415182]
[1.21831699 0.95418508]
[1.21846264 0.95421501]
[1.21859358 0.9542419 ]
[1.21871123 0.95426613]
[1.21881697 0.95428811]
[1.21891198 0.95430804]
[1.21899735 0.95432592]
[1.21907416 0.95434196]
[1.21914319 0.95435658]
[1.21920516 0.95436983]
[1.21913141 0.95442296]
[1.21906515 0.95447059]
[1.21900556 0.95451343]
[1.21895199 0.95455188]
[1.218904   0.95458645]
[1.21886078 0.95461764]
[1.21882199 0.95464559]
[1.2187872 0.9546708]
[1.21875591 0.9546936 ]
[1.21872799 0.95471398]
[1.21870299 0.95473209]
[1.21868085 0.95474866]
[1.2186611  0.95476362]
[1.21864402 0.95477773]
[1.21862935 0.95479104]
[1.21861631 0.95480337]
[1.21860486 0.95481461]
[1.21859517 0.9548251 ]
[1.21858695 0.95483497]
[1.21857965 0.95484389]
[1.21857327 0.95485197]
[1.21856785 0.95485951]
[1.21856326 0.95486657]
[1.21886831 0.954934  ]
[1.21914294 0.95499458]
[1.21939011 0.95504897]
[1.2196128  0.95509789]
[1.21981331 0.9551419 ]
[1.21999376 0.9551814 ]
[1.22015626 0.95521699]
[1.22030257 0.95524906]
[1.22043437 0.95527808]
[1.22055325 0.95530408]
[1.22066049 0.95532715]
[1.22075718 0.95534816]
[1.22084442 0.95536723]
[1.22092371 0.95538495]
[1.22099571 0.95540162]
[1.22106083 0.95541681]
[1.22111969 0.95543067]
[1.22117313 0.95544357]
[1.22122182 0.95545558]
[1.22126567 0.95546647]
[1.22130536 0.9554763 ]
[1.22134128 0.95548541]
[1.22137402 0.95549398]
[1.22171213 0.95556272]
[1.22201636 0.95562449]
[1.22229036 0.95567999]
[1.2225371  0.95572986]
[1.2227592  0.95577466]
[1.22295913 0.95581522]
[1.22313912 0.95585184]
[1.22330121 0.95588497]
[1.22344716 0.95591492]
[1.22357854 0.95594204]
[1.22369693 0.95596655]
[1.22380358 0.95598885]
[1.22389968 0.95600908]
[1.22398624 0.95602738]
[1.22406422 0.95604383]
[1.2241344  0.95605885]
[1.22419763 0.95607249]
[1.22425455 0.95608493]
[1.22430589 0.95609619]
[1.22435209 0.95610648]
[1.22439366 0.956116  ]
[1.22443123 0.95612475]
[1.224465   0.95613272]
[1.22449537 0.95613995]
[1.22452275 0.95614659]
[1.22454751 0.95615261]
[1.22457008 0.95615819]
[1.22459021 0.95616324]
[1.22460837 0.95616782]
[1.2245983 0.9561825]
[1.2245894  0.95619568]
[1.22458139 0.95620751]
[1.2245743  0.95621808]
[1.22456804 0.95622752]
[1.22456251 0.95623595]
[1.22455757 0.95624348]
[1.22455325 0.95625048]
[1.22454946 0.95625686]
[1.22454623 0.95626237]
[1.22454359 0.95626715]
[1.22454138 0.95627159]
[1.2245395  0.95627578]
[1.22453851 0.9562802 ]
[1.22453838 0.95628477]
[1.22453831 0.95628894]
[1.22453825 0.95629253]
[1.22453825 0.9562958 ]
[1.22453811 0.95629875]
[1.22453787 0.95630129]
[1.22453774 0.95630343]
[1.2247028  0.95635605]
[1.22485144 0.95640336]
[1.22498529 0.95644576]
[1.22510611 0.95648445]
[1.22521513 0.95651942]
[1.22531364 0.95655144]
[1.22540254 0.95658078]
[1.22548321 0.95660761]
[1.22555622 0.956632  ]
[1.22562241 0.95665431]
[1.22568221 0.95667462]
[1.22573651 0.95669319]
[1.22578583 0.95671026]
[1.22583105 0.95672589]
[1.22587245 0.95673998]
[1.22591035 0.95675246]
[1.22594421 0.95676367]
[1.22597512 0.95677322]
[1.2260035  0.95678156]
[1.22602979 0.95678876]
[1.22605376 0.95679577]
[1.22607615 0.95680211]
[1.22609628 0.95680772]
[1.22611441 0.95681267]
[1.22613041 0.95681714]
[1.22614493 0.95682098]
[1.22615761 0.95682441]
[1.22616916 0.95682664]
[1.22617947 0.95682855]
[1.22618878 0.95683033]
[1.22619725 0.95683214]
[1.22620466 0.95683381]
[1.22621146 0.95683552]
[1.22621719 0.95683693]
[1.22622264 0.95683861]
[1.22622692 0.95683945]
[1.22623074 0.9568402 ]
[1.22623422 0.95684099]
[1.22623738 0.95684165]
[1.22624032 0.95684247]
[1.22624298 0.95684327]
[1.22624544 0.95684405]
[1.22624782 0.95684481]
[1.22625021 0.95684527]
[1.22625287 0.95684568]
[1.22625573 0.95684609]
[1.22625866 0.95684666]
[1.22626158 0.9568473 ]
[1.22626462 0.95684782]
[1.22626764 0.95684817]
[1.22627083 0.95684843]
[1.22627415 0.95684857]
[1.22627709 0.95684866]
[1.22627973 0.9568485 ]
[1.22628187 0.95684848]
[1.22628394 0.95684813]
[1.22628534 0.95684789]
[1.22628681 0.95684669]
[1.22628712 0.95684376]
[1.22628762 0.95684043]
[1.22628735 0.95683768]
[1.22628742 0.95683617]
[1.22628626 0.95683446]
[1.22628531 0.95683327]
[1.22628299 0.9568315 ]
[1.22628118 0.95683042]
[1.22627963 0.95682951]
[1.22627817 0.95682858]
[1.22627686 0.95682768]
[1.22627562 0.95682687]
[1.22627458 0.9568261 ]
[1.22627365 0.95682531]
[1.22627323 0.95682493]
[1.2262731  0.95682487]
[1.22627333 0.95682537]
[1.2262738  0.95682626]
[1.2262749  0.95682756]
[1.2262763  0.95682894]
[1.22627751 0.95683029]
[1.22627861 0.9568315 ]
[1.22627951 0.95683241]
[1.22628038 0.9568335 ]
[1.22628123 0.95683447]
[1.22628216 0.95683558]
[1.22628322 0.95683697]
[1.22628422 0.95683836]
[1.22628524 0.95684004]
[1.22628638 0.95684196]
[1.22628738 0.95684357]
[1.2262882  0.95684494]
[1.2262887  0.95684611]
[1.22628931 0.95684689]
[1.22628934 0.95684756]
[1.22628955 0.9568474 ]
[1.22628885 0.95684539]
[1.22628845 0.95684284]
[1.2262873  0.95684071]
[1.22628648 0.95683973]
[1.22628459 0.95683855]
[1.22628299 0.9568379 ]
[1.22628005 0.95683657]
[1.22627777 0.9568357 ]
[1.22627381 0.95683348]
[1.22627049 0.95683133]
[1.22626747 0.95682937]
[1.22626507 0.95682802]
[1.22626326 0.95682714]
[1.2262616  0.95682636]
[1.2262602  0.95682601]
[1.22625909 0.95682617]
[1.22625832 0.95682669]
[1.22625747 0.95682709]
[1.22625695 0.95682766]
[1.22625625 0.95682813]
[1.22625611 0.95682875]
[1.22625638 0.95682951]
[1.22625671 0.95683022]
[1.22625686 0.95683043]
[1.22625751 0.95683081]
[1.22625888 0.95683149]
[1.22625996 0.95683205]
[1.22626105 0.95683228]
[1.22626204 0.95683252]
[1.22626267 0.95683299]
[1.22626296 0.95683344]
[1.22626373 0.95683296]
[1.22626376 0.95683244]
[1.22626447 0.956831  ]
[1.22626425 0.95682788]
[1.22626334 0.95682552]
[1.22626119 0.95682171]
[1.22625931 0.95681754]
[1.22625631 0.95681073]
[1.22625364 0.95679887]
[1.2262502  0.95678394]
[1.22624725 0.95677035]
[1.22624458 0.95675816]
[1.22624251 0.95674749]
[1.22624101 0.95673833]
[1.22623996 0.95673057]
[1.22623921 0.95672386]
[1.2262388  0.95671803]
[1.22623866 0.95671296]
[1.22623879 0.95670834]
[1.22623912 0.9567043 ]
[1.22623993 0.95670045]
[1.22624068 0.95669691]
[1.22624126 0.95669358]
[1.22624156 0.95669053]
[1.22624186 0.95668774]
[1.22624207 0.95668525]
[1.22624218 0.956683  ]
[1.22624237 0.95668099]
[1.22624239 0.95667928]
[1.2262427  0.95667747]
[1.22624188 0.95667685]
[1.22624059 0.95667681]
[1.22623781 0.95667702]
[1.22623464 0.95667824]
[1.22623187 0.95667932]
[1.2262294  0.95668036]
[1.22622716 0.95668161]
[1.22622519 0.95668291]
[1.22622351 0.9566846 ]
[1.22622165 0.95668687]
[1.22622016 0.95668871]
[1.22621879 0.95669039]
[1.22621793 0.9566923 ]
[1.22621721 0.95669388]
[1.22621701 0.95669603]
[1.22621707 0.95669816]
[1.22621743 0.95670059]
[1.22621772 0.95670306]
[1.22621809 0.95670522]
[1.2262184 0.9567071]
[1.22621872 0.95670875]
[1.22621927 0.95671025]
[1.22621983 0.95671161]
[1.22622037 0.95671287]
[1.22622109 0.95671396]
[1.2262218  0.95671481]
[1.22622258 0.95671553]
[1.22622364 0.95671602]
[1.22622468 0.95671638]
[1.2262254  0.95671654]
[1.22622587 0.95671672]
[1.22622646 0.95671663]
[1.22622648 0.95671661]
[1.22622676 0.95671571]
[1.22622604 0.95671305]
[1.22622565 0.95671   ]
[1.22622445 0.9567074 ]
[1.22622363 0.95670603]
[1.2262217  0.95670445]
[1.22621996 0.95670338]
[1.22621703 0.95670169]
[1.22621406 0.95669877]
[1.22620991 0.95669368]
[1.22620589 0.95668633]
[1.22620094 0.95667762]
[1.22619653 0.9566697 ]
[1.22619254 0.95666254]
[1.22618934 0.95665648]
[1.22618674 0.95665129]
[1.22618477 0.95664722]
[1.22618321 0.95664401]
[1.22618248 0.95664151]
[1.22618216 0.95663954]
[1.22618237 0.95663809]
[1.22618276 0.95663701]
[1.2261834  0.95663636]
[1.22618415 0.95663621]
[1.226185   0.95663626]
[1.22618565 0.95663626]
[1.22618648 0.95663664]
[1.22618781 0.95663751]
[1.22618968 0.95663876]
[1.22619178 0.95664018]
[1.22586049 0.95652858]
[1.22556223 0.95642796]
[1.22529388 0.95633751]
[1.22505193 0.9562569 ]
[1.22483436 0.95618442]
[1.22463801 0.9561197 ]
[1.22446155 0.95606113]
[1.22430194 0.95600711]
[1.22415855 0.95595841]
[1.22402959 0.95591447]
[1.22391348 0.95587491]
[1.22380903 0.95583985]
[1.22371488 0.95580803]
[1.22363024 0.95577939]
[1.22355366 0.95575321]
[1.22348461 0.95572896]
[1.22342186 0.95570487]
[1.2233654  0.95568311]
[1.22331472 0.95566342]
[1.22326947 0.95564615]
[1.22322891 0.9556309 ]
[1.22319282 0.95561767]
[1.22316063 0.95560622]
[1.22313234 0.95559631]
[1.22310728 0.95558763]
[1.22308509 0.95558022]
[1.22306541 0.95557375]
[1.22304776 0.95556792]
[1.22303182 0.95556293]
[1.22301766 0.95555849]
[1.22300491 0.95555468]
[1.22299353 0.95555149]
[1.22298338 0.95554865]
[1.22297421 0.95554605]
[1.22296593 0.95554348]
[1.22295818 0.95554129]
[1.22295147 0.95553904]
[1.2229449  0.95553707]
[1.2229392  0.95553439]
[1.22293411 0.9555321 ]
[1.22292948 0.95552995]
[1.22292525 0.95552805]
[1.22292136 0.95552621]
[1.22291794 0.95552438]
[1.22291444 0.95552228]
